CD2014000001 172 3.2 2 62
CD2014000002 172 2.9 2 62
CD2014000003 172 2.6 2 58
CD2014000005 172 2.6 2 61
CD2014000006 172 2.6 2 62
CD2014000007 172 2.5 2 62
CD2014000008 172 3.3 2 63
CD2014000009 172 2.7 2 57
CD2014000010 172 2.8 2 57
CD2014000011 172 2.9 2 57
CD2014000012 172 2 2 61
CD2014000013 172 2.9 2 57
CD2014000014 172 3.1 2 63
CD2014000016 172 2.7 2 63
CD2014000017 172 2.9 2 62
CD2014000018 172 2.9 2 62
CD2014000019 172 1.7 2 62
CD2014000020 172 2.7 2 62
CD2014000021 172 2.3 2 61
CD2014000022 172 3.4 2 62
CD2014000023 172 3.3 2 62
CD2014000024 172 3 2 63
CD2014000025 172 2.5 2 61
CD2014000026 172 3.1 2 61
CD2014000027 172 2.5 2 62
CD2014000030 172 2.2 2 57
CD2014000031 172 2.6 2 62
CD2014000032 172 2.9 2 62
CD2014000033 172 2.3 2 61
CD2014000034 172 2.2 2 62
CD2014000035 172 2.2 2 61
CD2014000036 172 3.1 2 61
CD2014000037 172 2.4 2 62
CD2014000038 172 2.7 2 61
CD2014000039 172 2.3 2 57
CD2014000040 172 2.9 2 62
CD2014000042 172 3.3 2 63
CD2014000043 172 2.1 2 62
CD2014000044 172 3.3 2 57
CD2014000045 172 3.5 2 57
CD2014000046 172 2.3 2 58
CD2014000047 172 2.8 2 62
CD2014000048 172 2.7 2 58
CD2014000049 172 2.5 2 61
CD2014000050 172 2.1 2 63
CD2014000051 172 1.8 2 58
CD2014000052 172 2.4 2 58
CD2014000053 172 3.2 2 58
CD2014000054 172 2.5 2 63
CD2014000055 172 3 2 62
CD2014000056 172 2.3 2 57
CD2014000057 172 2.7 2 61
CD2014000058 172 2.1 2 57
CD2014000060 172 2.5 2 57
CD2014000061 172 3.3 2 57
CD2014000062 172 3 2 63
CD2014000063 172 2.9 2 57
CD2014000064 172 2.3 2 61
CD2014000068 172 2.6 1 61
CD2014000069 172 3.2 2 58
CD2014000070 172 2.7 2 58
CD2014000071 172 3.3 2 57
CD2014000072 172 2.5 2 61
CD2014000073 172 3.1 2 62
CD2014000074 172 2.8 2 58
CD2014000075 172 3.1 2 62
CD2014000076 172 2.9 2 63
CD2014000077 172 2.3 2 62
CD2014000078 172 3.3 2 58
CD2014000079 172 2.6 2 58
CD2014000080 172 2.1 1 53
CD2014000081 172 3.9 2 61
CD2014000082 172 2.3 2 58
CD2014000083 172 3 2 62
CD2014000084 172 3.4 2 58
CD2014000085 172 3.4 2 58
CD2014000086 172 3.3 2 62
CD2014000087 172 3 2 63
CD2014000088 172 2.2 1 24
CD2014000089 172 2 2 62
CD2014000090 172 3 2 61
CD2014000091 172 3.5 2 57
CD2014000092 172 3.2 2 58
CD2014000093 172 3 2 57
CD2014000094 172 2.9 2 62
CD2014000095 172 2.4 2 57
CD2014000096 172 3.3 2 58
CD2014000097 172 2.1 2 63
CD2014000098 172 2.9 1 48
CD2014000099 172 2.5 2 61
CD2014000100 172 3.3 2 57
CD2014000101 172 3 2 57
CD2014000103 172 3 2 63
CD2014000104 172 2.5 2 58
CD2014000105 172 3.1 2 57
CD2014000106 172 2.8 2 58
CD2014000107 172 3.6 2 61
CD2014000109 172 3.7 2 62
CD2014000110 172 3.6 2 58
CD2014000111 172 3.2 2 58
CD2014000112 172 2.8 2 57
CD2014000114 172 2.9 2 58
CD2014000115 172 3.3 2 62
CD2014000116 172 2.8 2 57
CD2014000117 172 3.9 2 63
CD2014000119 172 3.1 2 57
CD2014000120 172 3.9 2 58
CD2014000121 172 3.3 2 63
CD2014000122 172 3.1 2 62
CD2014000123 172 3.8 2 57
CD2014000124 172 2.9 2 58
CD2014000125 172 4 2 57
CD2014000126 172 3.2 2 63
CD2014000127 172 3 2 57
CD2014000128 172 3.5 2 61
CD2014000129 172 4.5 2 61
CD2014000130 172 2.8 1 43
CD2014000132 172 3.3 2 58
CD2014000133 172 3.1 2 57
CD2014000134 172 2.6 2 58
CD2014000135 172 2.5 2 62
CD2014000138 172 2.5 2 58
CD2014000139 172 4.4 2 62
CD2014000140 172 3 2 62
CD2014000141 172 3.3 2 61
CD2014000142 172 3.1 1 63
CD2014000143 172 4.5 2 61
CD2014000144 172 3.7 2 63
CD2014000145 172 3.1 2 57
CD2014000146 172 2.8 2 62
CD2014000149 172 2.7 2 61
CD2014000151 172 2.6 2 63
CD2014000152 172 3.8 2 62
CD2014000153 172 3.4 2 62
CD2014000154 172 3 2 57
CD2014000155 172 3 2 62
CD2014000156 172 3 2 63
CD2014000157 172 2.6 2 61
CD2014000158 172 3.9 2 57
CD2014000159 172 3.1 2 63
CD2014000161 172 2.7 2 58
CD2014000162 172 2.8 2 61
CD2014000163 172 2.7 2 58
CD2014000164 172 2.8 2 58
CD2014000165 172 3.6 2 58
CD2014000166 172 2.9 2 63
CD2014000167 172 2.8 2 63
CD2014000168 172 3.4 2 62
CD2014000170 172 3.6 2 58
CD2014000171 172 2.7 2 57
CD2014000172 172 3.2 2 62
CD2014000173 172 3.2 2 62
CD2014000174 172 3.3 2 58
CD2014000177 172 2.3 2 62
CD2014000179 172 3.3 2 58
CD2014000181 172 2.1 2 62
CD2014000182 172 1.6 2 58
CD2014000183 172 3.1 2 57
CD2014000184 172 2.9 2 61
CD2014000185 172 2.9 2 57
CD2014000186 172 4.5 1 56
CD2014000187 172 2.9 2 63
CD2014000188 172 3.3 2 63
CD2014000189 172 3.2 2 58
CD2014000190 172 3.4 1 39
CD2014000191 172 2.5 2 61
CD2014000192 172 3.7 2 63
CD2014000193 172 2.7 1 41
CD2014000194 172 2.9 2 61
CD2014000195 172 2.2 1 30
CD2014000196 172 3 2 58
CD2014000197 172 3 2 57
CD2014000198 172 3 2 62
CD2014000199 172 3 2 62
CD2014000200 172 3.6 2 58
CD2014000201 177 4.4 2 62
CD2014000202 177 3.1 2 63
CD2014000203 177 2.7 2 62
CD2014000204 177 4.1 2 58
CD2014000205 177 2.7 2 58
CD2014000206 177 2.8 2 63
CD2014000207 177 2.7 2 61
CD2014000208 177 3.5 2 58
CD2014000209 177 3.5 2 57
CD2014000210 177 3.5 2 61
CD2014000211 177 3.4 2 57
CD2014000212 177 3.1 2 57
CD2014000213 177 3.7 2 63
CD2014000214 177 2.7 2 58
CD2014000215 177 3.6 2 61
CD2014000216 177 2.9 2 58
CD2014000217 177 2.9 2 57
CD2014000219 177 2.6 2 62
CD2014000220 177 3.1 2 61
CD2014000221 177 2.4 2 63
CD2014000222 177 2.8 2 62
CD2014000223 177 3.6 2 63
CD2014000224 177 2.8 2 63
CD2014000225 177 3.7 2 57
CD2014000226 177 2.9 2 58
CD2014000227 177 2.5 2 58
CD2014000228 177 3.8 2 61
CD2014000229 177 3.3 2 57
CD2014000230 177 3.3 2 58
CD2014000231 177 2.4 2 58
CD2014000232 177 3.7 2 58
CD2014000233 177 3.1 2 58
CD2014000234 177 3 2 61
CD2014000235 177 3.3 2 57
CD2014000236 177 2.9 2 61
CD2014000237 177 2.9 2 61
CD2014000238 177 3.8 2 62
CD2014000239 177 3.2 2 57
CD2014000240 177 2.9 1 55
CD2014000241 177 3.7 2 62
CD2014000242 177 3.1 2 58
CD2014000243 177 3.8 2 58
CD2014000244 177 3.9 2 61
CD2014000245 177 3.2 2 58
CD2014000246 177 2.8 2 58
CD2014000247 177 2.8 2 58
CD2014000248 177 3 2 61
CD2014000250 177 3.2 2 57
CD2014000251 177 3.6 2 57
CD2014000252 177 3.4 2 61
CD2014000253 177 2.3 2 58
CD2014000254 177 3 2 61
CD2014000255 177 2.8 2 61
CD2014000256 177 2.5 2 61
CD2014000257 177 3.2 2 57
CD2014000258 177 3 2 62
CD2014000259 177 3 2 62
CD2014000260 177 2.9 2 63
CD2014000261 177 3 2 62
CD2014000262 177 2.1 2 58
CD2014000263 177 2.9 2 58
CD2014000264 177 3.2 2 62
CD2014000266 177 2.2 2 57
CD2014000267 177 2.5 2 58
CD2014000268 177 2.3 2 62
CD2014000270 177 2.7 2 58
CD2014000271 177 2.8 2 58
CD2014000272 177 2.5 2 63
CD2014000273 177 2.7 2 58
CD2014000274 177 2.9 2 62
CD2014000275 177 2.8 2 57
CD2014000276 177 3 2 61
CD2014000277 177 2.9 2 61
CD2014000278 177 2.6 2 57
CD2014000279 177 2.6 2 61
CD2014000280 177 2.3 2 63
CD2014000281 177 2.2 2 58
CD2014000282 177 2.1 2 62
CD2014000283 177 3 2 57
CD2014000284 177 2.8 2 61
CD2014000285 177 3 2 63
CD2014000287 177 2.7 2 61
CD2014000288 177 2.9 2 61
CD2014000289 177 3.6 2 62
CD2014000290 177 2.1 2 61
CD2014000291 177 2.6 2 57
CD2014000292 177 3.4 2 63
CD2014000293 177 3.7 2 63
CD2014000294 177 3.3 2 62
CD2014000295 177 2.5 2 58
CD2014000296 177 2.7 2 57
CD2014000297 177 3.2 2 58
CD2014000298 177 3.2 2 58
CD2014000299 177 3.1 2 63
CD2014000301 177 2.4 2 61
CD2014000302 177 3.2 2 61
CD2014000303 177 2.5 2 58
CD2014000304 177 3.3 2 58
CD2014000305 177 2.6 2 63
CD2014000306 177 3 2 57
CD2014000307 177 2.7 2 62
CD2014000308 177 2.8 2 57
CD2014000309 177 1.9 2 62
CD2014000310 177 2.2 2 63
CD2014000311 177 2.5 2 63
CD2014000312 177 2.4 1 62
CD2014000313 177 2.2 1 33
CD2014000314 177 2.1 1 40
CD2014000315 177 3 2 57
CD2014000316 177 2.8 1 32
CD2014000317 177 2.5 2 58
CD2014000318 177 2.3 2 57
CD2014000319 177 3.2 2 62
CD2014000320 177 2.7 2 61
CD2014000321 177 3.3 2 58
CD2014000322 177 2.8 2 63
CD2014000323 177 2.6 2 58
CD2014000324 177 2.3 2 62
CD2014000325 177 2.8 1 43
CD2014000326 177 3.2 2 57
CD2014000327 177 2.3 2 58
CD2014000328 177 2.4 2 63
CD2014000329 177 2.6 2 57
CD2014000330 177 2.5 2 62
CD2014000331 177 2.2 2 58
CD2014000332 177 2.7 2 63
CD2014000333 177 2.2 2 58
CD2014000334 177 3.4 2 62
CD2014000335 177 2.5 2 58
CD2014000336 177 2.7 2 63
CD2014000337 177 2.2 2 63
CD2014000338 177 2.8 2 61
CD2014000339 177 3.5 2 63
CD2014000340 177 2.8 2 58
CD2014000341 177 2.8 2 61
CD2014000342 177 2.7 2 61
CD2014000343 177 3.2 2 57
CD2014000344 177 2.9 2 61
CD2014000345 177 2.9 2 61
CD2014000346 177 3 2 63
CD2014000347 177 2.8 2 63
CD2014000349 177 2.1 2 61
CD2014000350 177 2.3 2 63
CD2014000351 177 3 2 57
CD2014000352 177 3.2 2 58
CD2014000353 177 3.5 2 61
CD2014000354 177 2.8 2 57
CD2014000355 177 3.1 2 63
CD2014000356 177 2 2 58
CD2014000357 177 2.4 2 57
CD2014000358 177 3 2 58
CD2014000359 177 2.3 2 63
CD2014000360 177 3.2 2 57
CD2014000361 177 3.9 2 63
CD2014000362 177 2.8 2 57
CD2014000363 177 3.5 2 61
CD2014000364 177 2.8 2 62
CD2014000365 177 2.5 2 61
CD2014000366 177 3.9 2 57
CD2014000367 177 2.4 2 62
CD2014000368 177 3.2 2 61
CD2014000369 177 3.3 2 62
CD2014000370 177 2.2 2 58
CD2014000371 177 2.8 2 58
CD2014000373 177 2.2 2 57
CD2014000374 177 3.2 2 63
CD2014000375 177 2.3 2 63
CD2014000376 177 2.4 2 57
CD2014000377 177 2.5 2 57
CD2014000378 177 2.5 2 58
CD2014000379 177 2.2 2 63
CD2014000380 177 2.4 2 63
CD2014000381 177 2.4 2 62
CD2014000382 177 2.4 2 57
CD2014000383 177 2.3 2 63
CD2014000384 177 2.5 2 61
CD2014000385 177 3.3 2 57
CD2014000386 177 2.3 2 58
CD2014000387 177 2.7 2 62
CD2014000388 177 3.2 2 63
CD2014000389 177 2.7 2 57
CD2014000390 177 2.8 2 58
CD2014000391 177 2.6 2 58
CD2014000392 177 2.6 2 62
CD2014000393 177 3.5 2 58
CD2014000394 177 4.3 2 58
CD2014000395 177 3.9 2 63
CD2014000396 177 2.8 2 57
CD2014000397 177 3.3 2 63
CD2014000398 177 2.9 2 61
CD2014000399 177 3.5 2 63
CD2014000400 177 3.9 2 62
CD2014000401 177 3.2 2 61
CD2014000402 177 3.7 2 63
CD2014000403 177 2.9 2 57
CD2014000404 177 3.3 2 62
CD2014000405 177 2.4 2 58
CD2014000406 177 2.5 2 61
CD2014000407 177 2.8 2 58
CD2014000408 177 3.2 2 58
CD2014000409 177 2.7 2 58
CD2014000410 177 3.5 2 57
CD2014000411 177 2.5 2 62
CD2014000412 177 3 2 57
CD2014000413 177 2.5 2 61
CD2014000414 177 2.4 2 63
CD2014000415 177 3.5 2 61
CD2014000416 177 3.1 2 61
CD2014000417 177 3.8 2 63
CD2014000418 177 3 2 62
CD2014000419 177 2.7 2 62
CD2014000420 177 3.5 2 58
CD2014000421 177 2.6 2 57
CD2014000422 177 3.4 2 63
CD2014000423 177 2.7 2 63
CD2014000424 177 3.9 2 62
CD2014000425 177 2.7 2 62
CD2014000426 177 2.6 2 62
CD2014000427 177 2.5 2 62
CD2014000428 177 2.5 2 61
CD2014000429 177 2.4 2 61
CD2014000430 177 2.3 2 57
CD2014000431 177 2.3 2 63
CD2014000432 177 2.4 2 61
CD2014000433 177 2.2 2 62
CD2014000434 177 2.9 2 58
CD2014000435 177 2.9 2 57
CD2014000436 177 2.5 1 33
CD2014000437 177 3.6 2 61
CD2014000438 177 3 2 57
CD2014000439 177 2.3 2 58
CD2014000440 177 2.1 2 57
CD2014000441 177 3.1 2 62
CD2014000442 177 2.2 2 58
CD2014000443 177 2.1 2 61
CD2014000444 177 2.8 2 61
CD2014000445 177 2.3 2 61
CD2014000446 177 2.3 2 57
CD2014000447 177 2.6 2 63
CD2014000448 177 2.8 2 63
CD2014000449 177 2.8 2 63
CD2014000450 177 3.4 2 61
CD2014000451 177 3.1 2 58
CD2014000453 177 2.7 2 57
CD2014000454 177 2.1 2 61
CD2014000455 177 2.5 2 61
CD2014000456 177 2 2 61
CD2014000457 177 2.1 2 62
CD2014000458 177 1.7 2 62
CD2014000459 177 1.9 2 61
CD2014000460 177 3 2 57
CD2014000461 177 2.5 2 62
CD2014000462 177 2.9 2 57
CD2014000463 177 2.5 2 57
CD2014000464 177 3.1 2 61
CD2014000465 177 2.1 2 57
CD2014000466 177 2.2 2 61
CD2014000467 177 2.7 1 61
CD2014000468 177 3 2 61
CD2014000469 177 2.8 2 61
CD2014000470 177 2.1 2 57
CD2014000471 177 2.8 2 63
CD2014000472 177 2.1 2 58
CD2014000473 177 3.7 2 58
CD2014000474 177 2.6 2 58
CD2014000475 177 2.4 2 58
CD2014000476 177 3.1 2 63
CD2014000477 177 2.5 2 58
CD2014000479 177 2.2 1 38
CD2014000480 177 2.7 2 62
CD2014000481 177 2.8 2 58
CD2014000483 177 2.2 2 62
CD2014000484 177 4 2 63
CD2014000485 177 2.2 2 63
CD2014000486 177 2.8 2 57
CD2014000487 177 2.5 1 53
CD2014000488 177 2.7 1 31
CD2014000489 177 2.9 2 58
CD2014000490 177 3.4 2 57
CD2014000491 177 3.2 2 62
CD2014000492 177 2.1 2 58
CD2014000493 177 2.1 2 62
CD2014000494 177 2.1 2 61
CD2014000495 177 2.4 2 62
CD2014000496 177 2.4 1 30
CD2014000497 177 2.8 2 57
CD2014000498 177 3.1 2 58
CD2014000499 177 2.7 2 63
CD2014000500 177 2 2 62
CD2014000501 157 2.3 2 61
CD2014000502 157 1.9 2 63
CD2014000503 157 1.9 2 57
CD2014000504 157 1.9 2 58
CD2014000505 157 2.2 2 61
CD2014000506 157 2.3 2 63
CD2014000507 157 2.1 2 57
CD2014000508 157 1.7 2 61
CD2014000509 157 1.7 2 62
CD2014000510 157 2.1 2 61
CD2014000511 157 2.1 2 57
CD2014000512 157 2.1 2 58
CD2014000513 157 2.6 2 57
CD2014000514 157 2.2 2 57
CD2014000515 157 2.2 2 58
CD2014000516 157 1.8 2 62
CD2014000517 157 2 2 58
CD2014000519 157 2.1 2 57
CD2014000520 157 2.1 2 58
CD2014000521 157 2.2 1 29
CD2014000522 157 2.3 2 57
CD2014000523 157 2.3 2 63
CD2014000524 157 1.9 2 61
CD2014000525 157 1.7 2 62
CD2014000526 157 2 2 61
CD2014000528 157 2.1 2 61
CD2014000529 157 1.9 2 57
CD2014000530 157 2 2 61
CD2014000531 157 1.8 2 58
CD2014000532 157 2.2 2 61
CD2014000533 157 2.2 2 57
CD2014000534 157 2 2 57
CD2014000535 157 2.2 2 62
CD2014000536 157 2.1 2 62
CD2014000537 157 1.8 2 63
CD2014000538 157 1.7 2 63
CD2014000539 157 2.2 2 61
CD2014000540 157 2.7 2 61
CD2014000541 157 2.2 2 61
CD2014000542 157 1.9 2 57
CD2014000543 157 2.2 2 57
CD2014000544 157 2.1 2 62
CD2014000545 157 1.9 2 58
CD2014000546 157 2 2 57
CD2014000547 157 2.3 2 61
CD2014000548 157 2 2 58
CD2014000549 157 2.3 2 57
CD2014000550 157 1.8 2 62
CD2014000551 157 3.3 2 58
CD2014000552 157 2.4 2 62
CD2014000553 157 2.6 2 57
CD2014000554 157 3 2 62
CD2014000555 157 2.7 1 24
CD2014000556 157 3 1 33
CD2014000557 157 2.5 1 56
CD2014000558 157 2.3 1 18
CD2014000559 157 2.4 1 31
CD2014000560 157 3.3 2 62
CD2014000561 157 2.2 1 22
CD2014000563 157 2.7 2 61
CD2014000564 157 3.2 1 47
CD2014000565 157 2.2 1 20
CD2014000566 157 2.2 2 62
CD2014000567 157 2.4 2 62
CD2014000569 157 2.9 2 62
CD2014000570 157 3.1 2 58
CD2014000571 157 2.3 1 27
CD2014000572 157 3.4 2 62
CD2014000573 157 2.6 2 63
CD2014000574 157 6.5 2 57
CD2014000575 157 2.2 2 63
CD2014000576 157 2.1 1 37
CD2014000577 157 2.2 2 61
CD2014000578 157 2.2 1 23
CD2014000579 157 2.2 2 58
CD2014000580 157 2.8 2 61
CD2014000581 157 3.3 2 58
CD2014000582 157 2.4 2 62
CD2014000583 157 2.8 2 58
CD2014000584 157 2 1 23
CD2014000585 157 2.5 1 39
CD2014000586 157 2.9 2 58
CD2014000587 157 3.1 2 62
CD2014000588 157 2.7 2 57
CD2014000589 157 2.1 1 18
CD2014000590 157 2.4 1 27
CD2014000591 157 2.4 1 23
CD2014000592 157 2.4 2 58
CD2014000593 157 2.6 2 63
CD2014000594 157 2.5 2 57
CD2014000596 157 2.9 2 62
CD2014000597 157 3.1 2 63
CD2014000598 157 2.9 1 26
CD2014000599 157 2.4 2 61
CD2014000600 157 2.5 1 28
CD2014000601 157 2.1 2 61
CD2014000602 157 3.4 2 62
CD2014000603 157 2.5 2 57
CD2014000604 157 2.7 2 61
CD2014000605 157 3.3 2 62
CD2014000606 157 2.5 2 61
CD2014000607 157 5.8 1 25
CD2014000608 157 2.9 2 63
CD2014000609 157 2.9 2 57
CD2014000610 157 2.3 2 63
CD2014000611 157 3 2 63
CD2014000612 157 3 2 61
CD2014000613 157 2.5 2 61
CD2014000614 157 2.4 1 32
CD2014000615 157 2.9 2 63
CD2014000616 157 2.8 2 62
CD2014000617 157 2.7 2 63
CD2014000618 157 2.1 2 62
CD2014000619 157 2.2 2 63
CD2014000620 157 2.3 2 63
CD2014000621 157 2.9 2 63
CD2014000622 157 2.8 1 23
CD2014000623 157 2.7 2 58
CD2014000624 157 2.6 2 63
CD2014000626 157 2.8 2 61
CD2014000627 157 2.7 2 63
CD2014000628 157 3 2 63
CD2014000629 157 2.9 2 63
CD2014000630 157 2.6 2 62
CD2014000631 157 2.5 1 49
CD2014000632 157 2.8 2 57
CD2014000633 157 2.5 2 63
CD2014000634 157 2.7 2 57
CD2014000635 157 2.5 2 63
CD2014000636 157 2.7 2 57
CD2014000637 157 2.8 2 61
CD2014000638 157 2.1 2 63
CD2014000639 157 2.9 2 63
CD2014000640 157 2.3 2 62
CD2014000641 157 2.7 2 58
CD2014000642 157 2.8 2 61
CD2014000643 157 2.8 2 58
CD2014000644 157 2.6 2 61
CD2014000645 157 2.2 2 62
CD2014000646 157 2 2 62
CD2014000647 157 2.3 1 37
CD2014000648 157 2.6 2 62
CD2014000649 157 3 2 63
CD2014000650 157 2.1 1 32
CD2014000652 157 2.2 2 62
CD2014000653 157 2 2 57
CD2014000654 157 1.7 2 62
CD2014000655 157 3.3 2 63
CD2014000656 157 2.6 2 57
CD2014000657 157 1.8 2 58
CD2014000658 157 1.6 1 52
CD2014000659 157 2.3 2 62
CD2014000660 157 2.5 2 62
CD2014000661 157 1.8 2 63
CD2014000662 157 1.2 2 58
CD2014000663 157 2.3 2 61
CD2014000664 157 2.4 2 58
CD2014000665 157 2.2 2 57
CD2014000667 157 2 2 61
CD2014000668 157 2 2 57
CD2014000670 157 1.8 2 58
CD2014000671 157 2.2 2 63
CD2014000672 157 1.7 2 57
CD2014000673 157 2.1 2 61
CD2014000674 157 2 2 58
CD2014000675 157 2.5 2 61
CD2014000676 157 2.1 2 58
CD2014000677 157 2.1 2 61
CD2014000678 157 2.2 2 62
CD2014000679 157 2.6 2 62
CD2014000680 157 2.6 2 57
CD2014000682 157 1.9 1 56
CD2014000683 157 1.9 2 63
CD2014000684 157 2 2 61
CD2014000685 157 2.2 2 58
CD2014000686 157 1.7 2 62
CD2014000688 157 2.2 2 62
CD2014000689 157 1.7 2 58
CD2014000691 157 1.7 2 62
CD2014000693 157 1.7 2 63
CD2014000694 157 2.4 2 57
CD2014000696 157 2 2 62
CD2014000697 157 2.2 2 57
CD2014000699 157 2.5 2 63
CD2014000700 157 2.1 2 57
CD2014000701 157 2.4 2 57
CD2014000702 157 2.8 2 62
CD2014000703 157 2.4 2 62
CD2014000704 157 2.6 2 63
CD2014000706 157 3.6 2 63
CD2014000707 157 2.6 2 57
CD2014000708 157 2.9 2 57
CD2014000709 157 2.6 2 58
CD2014000710 157 2.2 2 62
CD2014000711 157 2.5 2 62
CD2014000712 157 2.3 2 62
CD2014000713 157 2.4 2 57
CD2014000714 157 2.3 2 58
CD2014000715 157 2.3 2 62
CD2014000716 157 2.6 2 58
CD2014000717 157 2.1 2 62
CD2014000718 157 2.9 2 63
CD2014000719 157 2.8 2 57
CD2014000720 157 2.7 2 62
CD2014000721 157 2.2 2 58
CD2014000722 157 2.4 2 57
CD2014000723 157 2.3 2 57
CD2014000724 157 1.9 2 63
CD2014000725 157 2.6 2 62
CD2014000726 157 2.9 2 57
CD2014000727 157 2.2 2 57
CD2014000728 157 2.3 2 63
CD2014000729 157 2 2 63
CD2014000730 157 2.5 2 62
CD2014000731 157 2 2 58
CD2014000732 157 3.2 2 57
CD2014000733 157 2 2 61
CD2014000735 157 2.9 2 58
CD2014000736 157 2.5 2 58
CD2014000737 157 2.6 2 61
CD2014000738 157 2.5 2 57
CD2014000739 157 1.9 2 62
CD2014000740 157 2.7 2 58
CD2014000741 157 1.9 2 58
CD2014000742 157 1.7 2 58
CD2014000743 157 2.3 2 63
CD2014000744 157 2.2 2 57
CD2014000745 157 2 2 61
CD2014000746 157 2.6 2 63
CD2014000747 157 2.6 2 61
CD2014000748 157 2.7 2 58
CD2014000749 157 2.3 2 63
CD2014000750 157 2.2 2 58
CD2014000751 157 1.9 2 57
CD2014000752 157 3.2 2 63
CD2014000753 157 1.9 2 63
CD2014000754 157 2.7 2 57
CD2014000755 157 2.2 2 63
CD2014000756 157 1.5 2 58
CD2014000757 157 2.5 2 57
CD2014000758 157 2 2 63
CD2014000759 157 1.8 2 58
CD2014000760 157 1.8 2 62
CD2014000761 157 1.5 2 62
CD2014000762 157 1.4 2 58
CD2014000763 157 2.3 2 58
CD2014000764 157 2.1 2 63
CD2014000765 157 2.3 2 62
CD2014000767 157 2.3 2 63
CD2014000768 157 1.7 2 62
CD2014000769 157 2 2 57
CD2014000770 157 1.9 2 58
CD2014000771 157 2.2 2 58
CD2014000772 157 2.6 2 58
CD2014000773 157 2.4 2 62
CD2014000774 157 1.4 2 61
CD2014000775 157 2.1 2 58
CD2014000776 157 2 2 62
CD2014000777 157 2.1 2 57
CD2014000778 157 2.3 1 23
CD2014000779 157 2.5 2 62
CD2014000780 157 1.5 2 57
CD2014000781 157 2.1 2 58
CD2014000782 157 1.9 2 63
CD2014000783 157 2.6 2 62
CD2014000784 157 1.7 2 62
CD2014000785 157 1.8 2 63
CD2014000787 157 1.6 2 57
CD2014000788 157 2.1 2 58
CD2014000789 157 1.4 1 61
CD2014000790 157 1.7 2 58
CD2014000792 157 2.3 2 62
CD2014000793 157 2.2 2 62
CD2014000794 157 2.3 2 58
CD2014000795 157 2.4 2 63
CD2014000796 157 2 1 48
CD2014000797 157 1.6 2 58
CD2014000799 157 2.4 2 61
CD2014000800 157 2.6 2 63
CD2014000801 157 2.4 2 57
CD2014000802 157 2.2 1 24
CD2014000803 157 2.9 1 26
CD2014000804 157 2.1 1 23
CD2014000805 157 2.7 2 62
CD2014000806 157 1.8 2 61
CD2014000807 157 2.3 2 62
CD2014000808 157 3.3 1 26
CD2014000809 157 2.5 2 62
CD2014000810 157 3.2 1 32
CD2014000811 157 2.3 2 57
CD2014000812 157 1.7 1 28
CD2014000814 157 1.7 1 24
CD2014000815 157 1.7 1 55
CD2014000816 157 2.3 2 57
CD2014000818 157 2.7 2 58
CD2014000819 157 2.3 2 61
CD2014000820 157 1.9 1 37
CD2014000821 157 2.7 2 63
CD2014000822 157 2.6 2 57
CD2014000823 157 2.7 2 57
CD2014000824 157 1.7 2 63
CD2014000825 157 2.4 1 29
CD2014000826 157 2.3 2 61
CD2014000827 157 3 2 57
CD2014000828 157 2.3 1 58
CD2014000829 157 2.9 2 58
CD2014000830 157 2 1 21
CD2014000831 157 1.9 2 62
CD2014000832 157 2.2 2 57
CD2014000833 157 2.2 1 23
CD2014000834 157 2.5 2 62
CD2014000835 157 2.3 1 39
CD2014000836 157 2 1 51
CD2014000837 157 2.5 2 58
CD2014000838 157 2 2 61
CD2014000839 157 1.8 1 19
CD2014000840 157 2.3 2 62
CD2014000841 157 2.3 2 62
CD2014000842 157 2.4 2 62
CD2014000843 157 2.4 2 62
CD2014000844 157 2.2 2 58
CD2014000845 157 2.2 2 62
CD2014000846 157 2.8 2 57
CD2014000847 157 2.8 2 63
CD2014000848 157 2.7 2 63
CD2014000850 157 2.9 1 45
CD2014000851 157 2.5 2 58
CD2014000852 157 1.9 2 58
CD2014000853 157 2.9 2 61
CD2014000854 157 2.8 2 61
CD2014000855 157 2.2 1 34
CD2014000856 157 3.4 2 62
CD2014000857 157 2.4 2 57
CD2014000858 157 2.2 1 36
CD2014000859 157 2.2 2 62
CD2014000860 157 2.4 2 57
CD2014000861 157 2.3 2 58
CD2014000862 157 1.7 2 57
CD2014000863 157 2.4 2 63
CD2014000865 157 3 2 58
CD2014000866 157 2 2 58
CD2014000867 157 2.7 2 61
CD2014000868 157 2.5 2 58
CD2014000869 157 2.3 2 57
CD2014000870 157 3.2 2 58
CD2014000872 157 2.3 2 57
CD2014000873 157 2.4 2 62
CD2014000874 157 2.4 2 57
CD2014000875 157 2.5 2 57
CD2014000876 157 2.6 2 58
CD2014000877 157 3.2 2 58
CD2014000878 157 2.2 2 61
CD2014000879 157 1.9 2 57
CD2014000881 157 3.2 2 57
CD2014000882 157 2.8 2 57
CD2014000883 157 2.5 2 58
CD2014000884 157 2.3 2 57
CD2014000885 157 2 2 58
CD2014000886 157 1.6 1 43
CD2014000887 157 3 2 62
CD2014000888 157 2.4 2 57
CD2014000889 157 2.2 1 33
CD2014000890 157 2.1 2 61
CD2014000891 157 2.4 2 58
CD2014000892 157 2.1 2 58
CD2014000893 157 2.5 2 58
CD2014000894 157 1.8 1 19
CD2014000896 157 2.6 2 61
CD2014000897 157 2.5 2 57
CD2014000898 157 2.9 2 62
CD2014000899 157 2.3 2 62
CD2014000900 157 2.8 2 57
CD2014000901 157 3.8 2 63
CD2014000902 157 2.8 2 62
CD2014000903 157 3.1 2 63
CD2014000904 157 3.1 2 58
CD2014000906 157 2.8 2 63
CD2014000907 157 3.3 2 61
CD2014000908 157 2.6 2 58
CD2014000909 157 2.3 2 63
CD2014000910 157 1.8 2 58
CD2014000911 157 3 2 63
CD2014000912 157 3.1 2 57
CD2014000913 157 1.9 2 62
CD2014000914 157 1.7 2 63
CD2014000915 157 1.5 2 63
CD2014000916 157 2.4 2 62
CD2014000917 157 3 2 58
CD2014000918 157 2.9 2 63
CD2014000919 157 2.6 2 63
CD2014000920 157 2.4 2 57
CD2014000921 157 2.8 2 61
CD2014000922 157 3.1 2 57
CD2014000923 157 3 2 62
CD2014000924 157 2.9 2 63
CD2014000925 157 3.1 2 63
CD2014000926 157 3.3 2 63
CD2014000927 157 3.4 2 58
CD2014000928 157 2.6 2 57
CD2014000929 157 2.2 2 58
CD2014000930 157 2.7 2 62
CD2014000931 157 3.5 2 63
CD2014000932 157 3.1 2 63
CD2014000933 157 2.7 2 58
CD2014000934 157 2.2 2 57
CD2014000935 157 2.8 2 57
CD2014000936 157 3.2 2 62
CD2014000937 157 2.5 2 61
CD2014000938 157 2.5 2 57
CD2014000939 157 2.7 2 62
CD2014000940 157 2.9 2 58
CD2014000941 157 2.2 2 58
CD2014000942 157 3.1 2 57
CD2014000943 157 3.1 2 63
CD2014000944 157 2.5 2 62
CD2014000945 157 3.4 2 58
CD2014000946 157 2.7 2 63
CD2014000947 157 3.3 2 63
CD2014000948 157 3.4 2 58
CD2014000949 157 3 2 57
CD2014000950 157 2.5 2 61
CD2014000951 157 2.4 2 57
CD2014000952 157 2.9 2 58
CD2014000953 157 2.4 2 61
CD2014000954 157 2.1 1 24
CD2014000955 157 2.1 1 22
CD2014000956 157 2 2 63
CD2014000957 157 2.2 1 32
CD2014000958 157 2.5 1 24
CD2014000960 157 2.7 1 30
CD2014000962 157 2.2 2 61
CD2014000963 157 2.3 1 24
CD2014000964 157 2 2 62
CD2014000965 157 2.1 1 24
CD2014000966 157 2.2 2 61
CD2014000967 157 2.7 2 62
CD2014000969 157 2.7 2 62
CD2014000970 157 2.7 1 29
CD2014000971 157 2.2 1 37
CD2014000972 157 2.7 1 29
CD2014000973 157 2.8 2 62
CD2014000974 157 2.4 2 58
CD2014000975 157 2 1 23
CD2014000976 157 2.5 2 63
CD2014000977 157 2.7 2 57
CD2014000978 157 2.8 2 57
CD2014000979 157 2.3 2 61
CD2014000980 157 2.2 2 58
CD2014000981 157 2.3 2 62
CD2014000982 157 2.4 2 63
CD2014000983 157 2.8 1 25
CD2014000984 157 3.4 2 57
CD2014000985 157 2.8 2 61
CD2014000987 157 2.7 2 63
CD2014000988 157 3.1 1 32
CD2014000989 157 2.3 2 57
CD2014000990 157 2.3 1 28
CD2014000991 157 1.7 1 32
CD2014000992 157 2.3 1 36
CD2014000993 157 3.2 2 58
CD2014000994 157 2 1 38
CD2014000995 157 2.9 2 57
CD2014000996 157 2.8 2 57
CD2014000997 157 2.3 2 61
CD2014000998 157 2.5 1 26
CD2014000999 157 2.5 2 63
CD2014001000 157 2.4 2 62
CD2014001001 157 2.5 2 61
CD2014001006 157 2.6 2 62
CD2014001007 157 4.1 2 58
CD2014001008 157 1.7 2 62
CD2014001010 157 2.4 2 57
CD2014001012 157 1.5 2 61
CD2014001013 157 3.2 2 57
CD2014001014 157 2.5 2 58
CD2014001015 157 2.8 2 58
CD2014001017 157 2.5 2 57
CD2014001018 157 2.2 1 32
CD2014001019 157 2.3 2 61
CD2014001020 157 2.7 2 62
CD2014001021 157 3.1 2 58
CD2014001022 157 2.5 2 58
CD2014001023 157 2.1 1 27
CD2014001024 157 2.1 2 61
CD2014001025 157 3.1 2 61
CD2014001026 157 2 2 61
CD2014001027 157 2.5 1 32
CD2014001029 157 1.9 2 58
CD2014001031 157 1.9 2 61
CD2014001032 157 2.8 2 57
CD2014001033 157 2.4 2 57
CD2014001034 157 2.6 2 58
CD2014001035 157 2.8 2 61
CD2014001038 157 2.4 2 62
CD2014001039 157 3 2 61
CD2014001040 157 2.7 2 58
CD2014001041 157 2.9 2 58
CD2014001042 157 2.8 1 43
CD2014001043 157 2.8 2 57
CD2014001044 157 2.9 2 58
CD2014001045 157 2.1 2 58
CD2014001046 157 2.4 2 58
CD2014001047 157 2.1 2 61
CD2014001048 157 1.8 2 57
CD2014001050 157 3.2 2 58
CD2014001051 157 2.8 2 62
CD2014001052 157 2.2 1 44
CD2014001053 157 2.4 2 63
CD2014001054 157 2.2 1 54
CD2014001055 157 2.7 2 57
CD2014001056 157 3.4 2 61
CD2014001057 157 2.2 1 56
CD2014001058 157 2.5 2 61
CD2014001059 157 2.1 2 63
CD2014001060 157 2.4 1 14
CD2014001061 157 2.3 2 57
CD2014001062 157 2.9 2 62
CD2014001063 157 2.5 1 29
CD2014001064 157 2.6 2 62
CD2014001065 157 2.8 2 62
CD2014001066 157 2.6 1 35
CD2014001067 157 3.4 2 61
CD2014001068 157 2.5 2 62
CD2014001069 157 2.5 2 57
CD2014001070 157 2.5 2 58
CD2014001071 157 2.3 1 29
CD2014001072 157 2.4 2 58
CD2014001073 157 2.6 2 63
CD2014001074 157 2.1 1 27
CD2014001076 157 1.7 1 54
CD2014001077 157 1.8 1 25
CD2014001078 157 2.7 2 57
CD2014001079 157 1.7 2 61
CD2014001080 157 2.5 2 62
CD2014001082 157 2.1 2 61
CD2014001083 157 1.9 2 63
CD2014001085 157 1.8 1 61
CD2014001086 157 3.3 2 58
CD2014001087 157 2 1 23
CD2014001088 157 2.8 2 57
CD2014001089 157 2.2 1 37
CD2014001090 157 2.1 1 28
CD2014001091 157 2.6 1 40
CD2014001092 157 1.9 2 57
CD2014001093 157 2.2 2 63
CD2014001095 157 1.7 1 28
CD2014001096 157 2.5 2 61
CD2014001097 157 2.5 1 38
CD2014001098 157 2.4 2 61
CD2014001099 157 2.8 2 61
CD2014001100 157 2.5 1 25
CD2014001101 159 2.3 2 62
CD2014001102 159 3.2 2 57
CD2014001103 159 3.1 2 58
CD2014001104 159 3.6 2 61
CD2014001105 159 2.2 1 18
CD2014001106 159 2 2 58
CD2014001107 159 3 2 62
CD2014001109 159 3.7 2 57
CD2014001110 159 2.8 1 61
CD2014001111 159 3.3 2 58
CD2014001112 159 3.9 2 61
CD2014001113 159 3.9 2 62
CD2014001114 159 2.8 2 58
CD2014001115 159 3.1 2 58
CD2014001116 159 3.1 2 58
CD2014001117 159 3.9 2 58
CD2014001118 159 3.3 2 62
CD2014001119 159 2.6 2 63
CD2014001121 159 2.5 1 48
CD2014001122 159 3 2 58
CD2014001123 159 3.9 2 58
CD2014001124 159 2.5 2 58
CD2014001125 159 2.9 2 58
CD2014001127 159 2.5 2 62
CD2014001128 159 2.2 1 28
CD2014001129 159 2 1 21
CD2014001130 159 3.7 2 61
CD2014001131 159 2.3 2 58
CD2014001132 159 2.3 2 58
CD2014001133 159 3.1 2 61
CD2014001134 159 2.8 2 61
CD2014001135 159 2.2 2 61
CD2014001136 159 2 1 23
CD2014001139 159 3.4 2 58
CD2014001140 159 3.3 2 57
CD2014001141 159 1.8 1 24
CD2014001142 159 2.9 1 21
CD2014001143 159 2.8 2 58
CD2014001144 159 3.3 2 63
CD2014001145 159 2.5 1 30
CD2014001146 159 2 1 18
CD2014001147 159 1.9 1 24
CD2014001148 159 3.4 2 58
CD2014001151 159 2.9 2 63
CD2014001152 159 3 2 62
CD2014001154 159 2.6 2 58
CD2014001155 159 2.8 2 58
CD2014001156 159 2.8 2 57
CD2014001157 159 3.2 2 63
CD2014001159 159 2.9 2 63
CD2014001160 159 2.6 2 61
CD2014001161 159 3 2 62
CD2014001163 159 2.2 2 63
CD2014001166 159 2.8 2 57
CD2014001167 159 2.9 2 62
CD2014001168 159 2.4 2 61
CD2014001169 159 3.1 2 61
CD2014001170 159 2.6 1 61
CD2014001171 159 3 2 63
CD2014001172 159 2.8 2 62
CD2014001174 159 3.2 2 62
CD2014001175 159 2.7 2 61
CD2014001176 159 2.2 2 63
CD2014001177 159 2 2 63
CD2014001178 159 3.2 2 61
CD2014001179 159 3.1 2 63
CD2014001180 159 3 2 58
CD2014001181 159 3.3 2 63
CD2014001183 159 2.3 2 58
CD2014001184 159 2.8 2 58
CD2014001185 159 3 2 61
CD2014001186 159 2.6 2 61
CD2014001187 159 3 2 58
CD2014001188 159 3.1 2 57
CD2014001189 159 2.7 2 63
CD2014001190 159 2.8 2 63
CD2014001191 159 3 2 63
CD2014001192 159 3.2 2 63
CD2014001193 159 2.4 2 61
CD2014001195 159 1.8 2 57
CD2014001196 159 2.4 2 62
CD2014001197 159 2.7 2 62
CD2014001199 159 3.8 2 62
CD2014001200 159 2.4 2 62
CD2014001201 159 3.1 2 57
CD2014001202 159 3.2 2 62
CD2014001203 159 4.3 2 63
CD2014001205 159 2.8 2 57
CD2014001207 159 2.3 2 58
CD2014001208 159 2.2 2 63
CD2014001209 159 2.3 2 61
CD2014001210 159 3.3 2 61
CD2014001211 159 3.2 2 58
CD2014001212 159 1.8 1 21
CD2014001214 159 3.5 2 57
CD2014001215 159 3 2 57
CD2014001216 159 2.6 2 58
CD2014001217 159 3 2 58
CD2014001218 159 2.8 2 62
CD2014001219 159 3.4 2 63
CD2014001220 159 3.4 2 57
CD2014001221 159 2.9 2 57
CD2014001222 159 1.9 2 57
CD2014001223 159 2.5 2 62
CD2014001224 159 2.5 2 58
CD2014001225 159 2.4 2 63
CD2014001226 159 3.4 2 58
CD2014001227 159 2.9 2 63
CD2014001228 159 1.7 2 63
CD2014001230 159 2.4 2 63
CD2014001231 159 2.9 2 58
CD2014001232 159 3.2 2 62
CD2014001233 159 3.3 2 63
CD2014001234 159 3.3 2 57
CD2014001235 159 3.6 1 47
CD2014001236 159 3.8 2 62
CD2014001237 159 1.8 2 58
CD2014001238 159 3.6 2 63
CD2014001239 159 1.7 1 33
CD2014001240 159 2.6 2 62
CD2014001241 159 2.7 2 63
CD2014001242 159 3.7 2 63
CD2014001243 159 3.4 2 63
CD2014001244 159 2.6 2 58
CD2014001245 159 2.2 2 62
CD2014001246 159 2.4 2 63
CD2014001247 159 1.6 1 33
CD2014001248 159 1.7 2 63
CD2014001250 159 2.8 2 62
CD2014001251 159 1.9 2 58
CD2014001252 159 1.7 2 57
CD2014001253 159 2.2 2 57
CD2014001254 159 2.4 2 63
CD2014001255 159 2 2 62
CD2014001256 159 2 2 62
CD2014001257 159 3.5 2 62
CD2014001258 159 1.8 2 58
CD2014001259 159 3.2 2 61
CD2014001260 159 2.6 2 57
CD2014001261 159 2.2 2 63
CD2014001262 159 2.8 2 63
CD2014001263 159 2.3 2 58
CD2014001264 159 1.8 2 61
CD2014001265 159 2.3 2 57
CD2014001266 159 2.9 2 62
CD2014001267 159 2.4 2 57
CD2014001268 159 2.3 2 63
CD2014001269 159 2 2 62
CD2014001270 159 2.3 2 61
CD2014001271 159 1.7 2 57
CD2014001273 159 3.2 2 61
CD2014001275 159 1.5 2 61
CD2014001276 159 1.2 2 61
CD2014001277 159 2.4 2 58
CD2014001278 159 2.3 2 57
CD2014001279 159 1.9 2 61
CD2014001281 159 1.6 1 48
CD2014001282 159 2.6 2 57
CD2014001283 159 1.2 2 57
CD2014001284 159 1.5 2 62
CD2014001285 159 3.1 2 62
CD2014001286 159 2.4 2 57
CD2014001287 159 2.4 2 61
CD2014001288 159 2.1 2 58
CD2014001289 159 1.7 2 57
CD2014001290 159 2.9 2 62
CD2014001291 159 2.1 2 62
CD2014001292 159 2.2 2 58
CD2014001293 159 2.2 2 61
CD2014001294 159 1.2 2 58
CD2014001295 159 1.7 2 58
CD2014001297 159 3 2 61
CD2014001298 159 2 2 62
CD2014001299 159 1.9 2 62
CD2014001300 159 2.9 2 58
CD2014001301 159 2.4 2 63
CD2014001302 159 1.7 2 63
CD2014001303 159 2.3 2 57
CD2014001304 159 2.3 2 62
CD2014001305 159 1.3 2 61
CD2014001307 159 1.8 2 61
CD2014001308 159 2.2 2 57
CD2014001310 159 2.4 2 62
CD2014001311 159 3 2 58
CD2014001312 159 2.6 2 61
CD2014001313 159 3.1 2 62
CD2014001314 159 2.3 2 58
CD2014001315 159 2.6 2 58
CD2014001316 159 3.1 2 57
CD2014001317 159 2.1 1 35
CD2014001318 159 2.2 2 62
CD2014001319 159 2.2 2 58
CD2014001320 159 2.8 2 63
CD2014001321 159 2.3 2 63
CD2014001322 159 1.5 1 16
CD2014001323 159 1.4 1 53
CD2014001325 159 3.2 2 58
CD2014001328 159 1.9 2 58
CD2014001329 159 3.1 2 58
CD2014001330 159 2.7 2 63
CD2014001331 159 2.3 2 61
CD2014001332 159 2.6 2 61
CD2014001334 159 2.8 2 58
CD2014001335 159 1.5 1 21
CD2014001336 159 3 2 61
CD2014001337 159 2.5 2 61
CD2014001338 159 1.5 2 63
CD2014001340 159 2.4 1 18
CD2014001341 159 2.6 2 58
CD2014001342 159 2.2 2 58
CD2014001343 159 2.2 2 61
CD2014001345 159 2.2 1 32
CD2014001346 159 3.1 2 57
CD2014001347 159 2.2 2 58
CD2014001348 159 2.2 2 63
CD2014001349 159 2.2 2 57
CD2014001350 159 2.7 2 62
CD2014001351 157 2.4 2 58
CD2014001352 157 2.1 2 58
CD2014001353 157 2.1 2 63
CD2014001354 157 2.5 2 62
CD2014001355 157 1.5 2 58
CD2014001356 157 1.8 2 61
CD2014001357 157 2 2 62
CD2014001358 157 2 2 63
CD2014001359 157 1.3 1 56
CD2014001360 157 1.8 2 58
CD2014001361 157 2.3 2 58
CD2014001362 157 2 2 63
CD2014001363 157 1.5 2 58
CD2014001364 157 2.1 2 62
CD2014001365 157 2.1 2 58
CD2014001366 157 2.2 2 63
CD2014001367 157 2 2 62
CD2014001368 157 2.4 2 58
CD2014001369 157 1.7 2 61
CD2014001370 157 1.6 2 57
CD2014001371 157 1.9 2 63
CD2014001372 157 1.8 2 57
CD2014001373 157 2 2 58
CD2014001374 157 1.9 2 63
CD2014001375 157 1.9 2 57
CD2014001376 157 1.7 2 57
CD2014001377 157 1.9 2 58
CD2014001378 157 2 2 57
CD2014001379 157 2.1 1 32
CD2014001380 157 2 2 57
CD2014001383 157 1.8 2 58
CD2014001384 157 2 2 61
CD2014001385 157 1.7 2 62
CD2014001386 157 1.3 2 61
CD2014001387 157 1.7 2 57
CD2014001388 157 1.4 2 58
CD2014001389 157 2.3 2 57
CD2014001390 157 1.8 2 61
CD2014001391 157 2 2 58
CD2014001392 157 1.3 2 58
CD2014001393 157 1.9 2 58
CD2014001394 157 1.7 2 58
CD2014001396 157 2 2 63
CD2014001397 157 1.7 2 58
CD2014001398 157 2.2 2 57
CD2014001399 157 2 2 61
CD2014001400 157 1.9 1 57
CD2014001401 157 2.8 2 61
CD2014001402 157 2.7 2 58
CD2014001403 157 1.7 2 58
CD2014001404 157 1.4 2 63
CD2014001405 157 2.9 2 62
CD2014001406 157 2.7 2 58
CD2014001407 157 2.7 2 57
CD2014001408 157 3.1 2 57
CD2014001409 157 2.4 2 58
CD2014001410 157 2.6 2 61
CD2014001411 157 1.9 2 62
CD2014001412 157 2.2 2 62
CD2014001413 157 2.5 2 57
CD2014001414 157 1.9 2 58
CD2014001415 157 1.5 2 61
CD2014001416 157 2.8 2 62
CD2014001417 157 1.6 2 62
CD2014001418 157 1.7 2 58
CD2014001419 157 2.3 2 63
CD2014001420 157 1.8 2 58
CD2014001421 157 2.7 2 57
CD2014001422 157 3.1 2 58
CD2014001423 157 2.5 2 58
CD2014001424 157 2.6 2 61
CD2014001426 157 1.9 2 58
CD2014001427 157 2.8 2 62
CD2014001429 157 2.8 2 57
CD2014001430 157 3.1 2 58
CD2014001432 157 2.6 2 58
CD2014001433 157 2.5 2 58
CD2014001434 157 2.2 2 58
CD2014001435 157 2.7 2 63
CD2014001436 157 2.5 2 58
CD2014001437 157 2.2 2 63
CD2014001438 157 2 2 62
CD2014001439 157 1.9 2 58
CD2014001440 157 2.3 2 58
CD2014001441 157 2.3 2 57
CD2014001442 157 2.6 2 57
CD2014001443 157 2.7 2 62
CD2014001446 157 2.2 2 63
CD2014001447 157 2.7 2 57
CD2014001448 157 2.8 1 32
CD2014001449 157 2.6 2 63
CD2014001451 157 2.2 2 62
CD2014001452 157 3.2 2 63
CD2014001453 157 1.9 2 62
CD2014001454 157 2.5 2 61
CD2014001455 157 1.8 2 63
CD2014001457 157 2.5 2 61
CD2014001458 157 2.6 2 61
CD2014001459 157 2.6 2 58
CD2014001460 157 2.4 2 61
CD2014001461 157 2.9 2 62
CD2014001462 157 2.9 2 57
CD2014001464 157 2.7 2 62
CD2014001465 157 2.2 2 62
CD2014001466 157 2.3 2 57
CD2014001467 157 1.9 2 62
CD2014001468 157 2.2 2 58
CD2014001469 157 2.6 2 62
CD2014001470 157 3.1 2 61
CD2014001471 157 2.3 2 62
CD2014001472 157 2.2 2 58
CD2014001473 157 1.9 2 63
CD2014001474 157 1.5 2 63
CD2014001475 157 2.5 2 62
CD2014001476 157 1.8 2 61
CD2014001477 157 2.2 2 63
CD2014001478 157 2.5 2 58
CD2014001479 157 1.6 2 63
CD2014001480 157 2.4 2 63
CD2014001482 157 2.2 2 63
CD2014001483 157 2.6 2 57
CD2014001484 157 1.9 2 57
CD2014001485 157 3.2 2 63
CD2014001486 157 2.6 2 57
CD2014001487 157 3.5 2 57
CD2014001488 157 1.6 2 58
CD2014001489 157 2.5 2 58
CD2014001490 157 3 2 63
CD2014001491 157 2.1 2 57
CD2014001492 157 2.1 1 52
CD2014001493 157 1.5 2 62
CD2014001494 157 2.4 2 63
CD2014001495 157 2.3 2 58
CD2014001496 157 3.1 2 57
CD2014001497 157 3.3 2 58
CD2014001498 157 3 2 61
CD2014001500 157 2.8 2 61
CD2014001501 157 2.5 2 62
CD2014001502 157 2.6 2 61
CD2014001503 157 3.8 2 62
CD2014001504 157 2 2 58
CD2014001505 157 2.5 2 62
CD2014001506 157 3.2 2 62
CD2014001507 157 2.2 2 58
CD2014001508 157 1.6 2 57
CD2014001510 157 2 2 63
CD2014001511 157 2.4 2 62
CD2014001512 157 2.9 2 58
CD2014001513 157 2.5 2 58
CD2014001515 157 1.2 2 63
CD2014001516 157 1.2 2 58
CD2014001517 157 2.2 2 63
CD2014001518 157 3.2 2 63
CD2014001519 157 2 2 58
CD2014001520 157 2.1 2 63
CD2014001521 157 2.2 2 57
CD2014001522 157 2.4 2 58
CD2014001523 157 2.5 2 61
CD2014001524 157 2 2 57
CD2014001526 157 2.3 2 57
CD2014001527 157 2.2 2 61
CD2014001528 157 2.1 2 58
CD2014001529 157 2.4 2 58
CD2014001530 157 1.4 2 58
CD2014001531 157 1.7 2 61
CD2014001534 157 2 2 63
CD2014001535 157 2.2 2 62
CD2014001536 157 2.1 2 63
CD2014001537 157 2.4 2 58
CD2014001538 157 1.7 2 62
CD2014001539 157 2.5 2 63
CD2014001540 157 1.7 2 61
CD2014001541 157 2.1 2 63
CD2014001542 157 2.9 1 56
CD2014001544 157 2.5 2 61
CD2014001545 157 3.3 2 58
CD2014001547 157 2.9 2 62
CD2014001549 157 2.3 2 58
CD2014001551 157 3.8 1 29
CD2014001552 157 3 1 33
CD2014001553 157 2.5 1 23
CD2014001554 157 2 1 21
CD2014001555 157 3.1 2 57
CD2014001556 157 2.2 2 61
CD2014001557 157 2 2 63
CD2014001558 157 1.9 1 35
CD2014001559 157 2.7 1 22
CD2014001560 157 2.5 2 61
CD2014001561 157 2.2 2 57
CD2014001563 157 1.7 1 28
CD2014001565 157 2.4 2 57
CD2014001567 157 2 1 43
CD2014001568 157 1.7 2 58
CD2014001569 157 2.6 2 62
CD2014001570 157 2.5 1 50
CD2014001571 157 2.3 2 63
CD2014001572 157 2.3 2 57
CD2014001573 157 2.2 1 26
CD2014001574 157 2.2 2 58
CD2014001575 157 2.1 2 58
CD2014001576 157 2 1 26
CD2014001577 157 1.8 2 63
CD2014001578 157 1.7 2 58
CD2014001579 157 2.4 2 61
CD2014001580 157 2.7 2 62
CD2014001581 157 1.5 2 58
CD2014001584 157 1.9 1 29
CD2014001585 157 1.7 2 63
CD2014001586 157 1.9 1 21
CD2014001587 157 1.9 2 57
CD2014001588 157 2.3 2 61
CD2014001589 157 1.4 2 58
CD2014001590 157 2.3 1 41
CD2014001591 157 3.3 1 33
CD2014001594 157 2.2 1 28
CD2014001595 157 1.7 1 21
CD2014001596 157 2.2 1 29
CD2014001599 157 1.9 2 61
CD2014001600 157 1.8 2 61
CD2014001601 157 2.7 2 58
CD2014001602 157 2.6 1 24
CD2014001603 157 2.4 2 58
CD2014001604 157 2.9 2 58
CD2014001605 157 2.4 2 62
CD2014001606 157 2.3 2 61
CD2014001607 157 2.7 2 58
CD2014001608 157 2.3 2 62
CD2014001610 157 2.9 2 58
CD2014001611 157 2.4 2 61
CD2014001612 157 2.9 2 58
CD2014001613 157 3.2 2 61
CD2014001614 157 3.2 2 57
CD2014001615 157 2.8 2 57
CD2014001616 157 2.1 2 63
CD2014001617 157 2.8 2 62
CD2014001618 157 2.7 2 61
CD2014001619 157 2.7 2 61
CD2014001620 157 2.4 2 58
CD2014001621 157 2.7 2 62
CD2014001622 157 1.9 2 57
CD2014001623 157 2.1 2 58
CD2014001624 157 1.7 2 62
CD2014001625 157 1.7 2 63
CD2014001626 157 1.7 2 61
CD2014001627 157 2.1 2 57
CD2014001628 157 2.3 2 57
CD2014001630 157 2.7 2 58
CD2014001631 157 2 2 57
CD2014001632 157 1.8 2 58
CD2014001633 157 2.3 2 61
CD2014001634 157 2.8 2 57
CD2014001635 157 1.8 2 58
CD2014001636 157 2.7 2 61
CD2014001637 157 2.5 2 61
CD2014001638 157 2.2 2 62
CD2014001639 157 2.8 2 62
CD2014001640 157 2.7 2 58
CD2014001641 157 2.6 2 58
CD2014001642 157 2.4 2 61
CD2014001643 157 2.2 2 63
CD2014001644 157 2.5 2 57
CD2014001645 157 2.7 2 63
CD2014001646 157 2.9 2 57
CD2014001647 157 2.7 2 57
CD2014001648 157 2.2 2 63
CD2014001653 157 2.6 2 62
CD2014001654 157 2.5 2 58
CD2014001655 157 3.6 2 58
CD2014001656 157 3.3 2 62
CD2014001657 157 2.6 2 62
CD2014001658 157 3.1 2 61
CD2014001659 157 3.3 2 57
CD2014001660 157 3.2 2 63
CD2014001662 157 3.1 2 57
CD2014001665 157 2.4 2 63
CD2014001666 157 2.8 2 57
CD2014001667 157 2.2 2 57
CD2014001668 157 2.6 2 63
CD2014001669 157 2.2 2 57
CD2014001670 157 3.2 2 58
CD2014001671 157 2.8 2 61
CD2014001672 157 2.7 2 58
CD2014001673 157 2 2 63
CD2014001674 157 2.6 2 62
CD2014001675 157 2.2 2 63
CD2014001676 157 2 2 57
CD2014001677 157 2.2 2 62
CD2014001678 157 1.7 2 58
CD2014001679 157 2.4 2 57
CD2014001680 157 2.6 2 58
CD2014001681 157 2.1 2 61
CD2014001682 157 2.3 2 61
CD2014001683 157 1.9 2 61
CD2014001684 157 1.5 2 58
CD2014001686 157 2.4 2 58
CD2014001688 157 1.5 2 58
CD2014001689 157 2 2 58
CD2014001690 157 1.7 2 61
CD2014001691 157 1.8 2 61
CD2014001692 157 2 2 63
CD2014001693 157 2.3 2 63
CD2014001694 157 2.4 1 42
CD2014001695 157 2.2 2 61
CD2014001696 157 1.7 2 62
CD2014001697 157 2.8 2 57
CD2014001698 157 2.1 2 62
CD2014001699 157 1.9 1 47
CD2014001700 157 1.8 1 22
CD2014001701 157 2.6 2 58
CD2014001702 157 2.2 2 61
CD2014001703 157 2.7 2 61
CD2014001706 157 2.7 2 63
CD2014001707 157 1.7 2 63
CD2014001708 157 1.3 1 33
CD2014001710 157 2.2 2 62
CD2014001712 157 2.2 1 32
CD2014001713 157 1.9 2 58
CD2014001714 157 1.7 2 58
CD2014001715 157 2.3 1 46
CD2014001718 157 1.6 2 58
CD2014001719 157 2 2 63
CD2014001723 157 1.6 2 62
CD2014001724 157 1.7 2 63
CD2014001726 157 1.2 2 62
CD2014001727 157 1.5 2 63
CD2014001729 157 1.7 2 62
CD2014001731 157 1.5 2 62
CD2014001732 157 1.5 2 57
CD2014001733 157 2.2 2 62
CD2014001734 157 2.3 2 58
CD2014001736 157 2.3 2 62
CD2014001737 157 2.2 2 58
CD2014001738 157 1.8 2 63
CD2014001740 157 2.2 2 63
CD2014001741 157 2.4 2 62
CD2014001742 157 1.5 2 62
CD2014001743 157 1.7 2 57
CD2014001744 157 2.6 2 63
CD2014001745 157 1.5 2 62
CD2014001746 157 3.2 2 63
CD2014001747 157 2.4 2 62
CD2014001751 157 3.2 2 58
CD2014001752 157 2 2 62
CD2014001753 157 2.8 2 57
CD2014001754 157 3.1 2 58
CD2014001755 157 2.5 2 57
CD2014001756 157 2.6 2 62
CD2014001757 157 2.5 2 62
CD2014001759 157 2.8 2 58
CD2014001760 157 1.9 2 61
CD2014001762 157 2.6 2 58
CD2014001763 157 2.1 2 63
CD2014001764 157 2.2 2 58
CD2014001765 157 3.8 2 62
CD2014001766 157 2.1 2 61
CD2014001767 157 2.2 2 57
CD2014001768 157 1.2 2 57
CD2014001769 157 3.4 2 58
CD2014001770 157 2.4 2 58
CD2014001771 157 3.1 2 61
CD2014001772 157 1.7 2 63
CD2014001773 157 2 2 61
CD2014001776 157 3.5 2 58
CD2014001779 157 2.2 2 63
CD2014001780 157 2.5 2 57
CD2014001782 157 3.6 2 61
CD2014001783 157 2.8 2 61
CD2014001785 157 1.8 2 61
CD2014001786 157 2.6 2 58
CD2014001788 157 2.5 2 58
CD2014001789 157 2.8 2 57
CD2014001791 157 2.8 2 61
CD2014001792 157 3.6 2 61
CD2014001793 157 2.7 2 57
CD2014001794 157 2.3 2 58
CD2014001795 157 2.2 2 61
CD2014001796 157 2.2 2 63
CD2014001797 157 3.2 2 62
CD2014001798 157 2.2 2 62
CD2014001799 157 2.4 2 62
CD2014001800 157 2.9 2 58
CD2014001801 157 2.4 2 63
CD2014001802 157 3.3 2 63
CD2014001804 157 2.2 2 57
CD2014001805 157 2.5 2 62
CD2014001806 157 2.1 2 63
CD2014001807 157 2.5 2 62
CD2014001809 157 2.3 2 63
CD2014001811 157 2.3 2 63
CD2014001812 157 2.1 1 32
CD2014001813 157 2.3 2 62
CD2014001814 157 2.2 2 58
CD2014001815 157 2.3 2 58
CD2014001816 157 2.3 2 62
CD2014001817 157 2.4 2 63
CD2014001818 157 2.2 2 57
CD2014001819 157 2.2 2 62
CD2014001820 157 3.3 2 63
CD2014001821 157 2.2 2 58
CD2014001822 157 2.4 2 62
CD2014001823 157 2 2 61
CD2014001824 157 2.6 2 62
CD2014001825 157 2.5 2 63
CD2014001826 157 2.5 2 62
CD2014001827 157 2.4 2 63
CD2014001828 157 2.1 2 61
CD2014001829 157 1.6 2 63
CD2014001830 157 2.2 2 63
CD2014001831 157 2.4 1 41
CD2014001832 157 2.4 2 58
CD2014001833 157 2.4 2 57
CD2014001834 157 2.3 2 62
CD2014001835 157 2.9 2 63
CD2014001836 157 1.8 1 57
CD2014001837 157 2.4 2 61
CD2014001838 157 2 2 63
CD2014001839 157 2.2 2 57
CD2014001840 157 2.9 2 57
CD2014001841 157 2.1 2 63
CD2014001842 157 2.5 2 63
CD2014001843 157 2.1 2 57
CD2014001844 157 2 2 63
CD2014001845 157 2.6 2 58
CD2014001846 157 1.9 1 51
CD2014001848 157 2.8 2 57
CD2014001849 157 2.1 2 58
CD2014001850 157 2.5 2 61
CD2014001851 157 1.6 2 62
CD2014001852 157 2.1 1 58
CD2014001853 157 1.9 1 57
CD2014001854 157 1.6 1 32
CD2014001855 157 1.7 2 58
CD2014001857 157 3 2 63
CD2014001858 157 2 2 58
CD2014001859 157 1.7 2 57
CD2014001860 157 3 2 62
CD2014001862 157 1.7 2 62
CD2014001863 157 2.8 2 61
CD2014001864 157 2.6 2 57
CD2014001865 157 1.6 2 62
CD2014001866 157 2.3 2 62
CD2014001869 157 2.2 2 63
CD2014001870 157 3.1 2 63
CD2014001872 157 2.1 2 58
CD2014001873 157 2.2 2 63
CD2014001874 157 2.4 2 63
CD2014001875 157 2.1 2 61
CD2014001876 157 2.8 2 62
CD2014001877 157 2.3 2 61
CD2014001878 157 1.8 2 61
CD2014001879 157 3.3 2 61
CD2014001880 157 2.5 2 63
CD2014001881 157 1.8 1 39
CD2014001882 157 1.7 2 63
CD2014001884 157 2 2 57
CD2014001885 157 2 2 62
CD2014001886 157 2.3 2 58
CD2014001887 157 2.3 2 57
CD2014001888 157 2.2 2 63
CD2014001889 157 2 2 63
CD2014001890 157 2 2 58
CD2014001892 157 1.7 2 63
CD2014001893 157 1.8 2 62
CD2014001894 157 1.8 2 62
CD2014001896 157 1.6 2 61
CD2014001897 157 1.7 2 58
CD2014001899 157 2.5 2 63
CD2014001900 157 2.7 2 63
CD2014001901 131 1.3 2 57
CD2014001902 131 1.5 2 62
CD2014001903 131 1.3 2 58
CD2014001904 131 1.3 2 62
CD2014001905 131 1.7 2 57
CD2014001907 131 1.2 2 62
CD2014001909 131 1.3 1 54
CD2014001913 131 1.4 2 61
CD2014001914 131 1.3 2 62
CD2014001915 131 2.3 2 63
CD2014001918 131 1.7 2 63
CD2014001920 131 1.2 2 58
CD2014001921 131 0.9 1 56
CD2014001922 131 1.4 2 61
CD2014001923 131 1.5 2 57
CD2014001924 131 1.4 2 57
CD2014001926 131 1.3 2 57
CD2014001927 131 1.7 2 61
CD2014001928 131 1.5 1 24
CD2014001929 131 1.5 1 37
CD2014001930 131 1.2 2 62
CD2014001931 131 1 2 61
CD2014001935 131 1.2 1 29
CD2014001938 131 1.8 1 46
CD2014001939 131 1.5 1 31
CD2014001940 131 1.2 1 49
CD2014001941 131 1.2 1 23
CD2014001943 131 0.8 2 57
CD2014001944 131 1 2 63
CD2014001945 131 1.2 2 57
CD2014001946 131 1.1 2 58
CD2014001947 131 1.2 2 63
CD2014001949 131 1.2 2 63
CD2014001951 131 1.5 2 58
CD2014001952 131 1.3 2 58
CD2014001953 131 1.2 2 63
CD2014001954 131 1.3 1 57
CD2014001956 131 1.3 2 63
CD2014001957 131 1.4 2 61
CD2014001958 131 1.1 2 62
CD2014001959 131 1.3 2 58
CD2014001964 131 1.1 2 58
CD2014001965 131 1.1 2 62
CD2014001967 131 0.9 2 63
CD2014001968 131 1.2 2 62
CD2014001969 131 1.2 1 52
CD2014001971 131 1.6 2 58
CD2014001973 131 1.2 2 63
CD2014001975 131 1.2 2 62
CD2014001976 131 1.1 2 58
CD2014001977 131 1 2 62
CD2014001978 131 1.2 2 63
CD2014001979 131 1.2 2 63
CD2014001980 131 1.3 2 57
CD2014001985 131 1.4 2 61
CD2014001988 131 1.3 2 61
CD2014001989 131 1.2 1 14
CD2014001990 131 1.1 2 62
CD2014001991 131 1 1 47
CD2014001992 131 1 1 33
CD2014001993 131 1.4 2 58
CD2014001994 131 1.5 2 57
CD2014001995 131 1.4 2 61
CD2014001997 131 1.6 2 57
CD2014001998 131 1.5 2 62
CD2014001999 131 1.5 2 61
CD2014002000 131 1.3 1 23
CD2014002002 131 1.1 2 58
CD2014002004 131 1 2 62
CD2014002006 131 0.8 1 50
CD2014002007 131 1 2 62
CD2014002008 131 1.3 2 58
CD2014002009 131 1 2 63
CD2014002011 131 1.2 2 58
CD2014002013 131 1.2 2 58
CD2014002014 131 1.3 2 57
CD2014002016 131 0.9 2 57
CD2014002023 131 1 2 58
CD2014002024 131 0.9 2 57
CD2014002025 131 1 2 61
CD2014002026 131 1.1 2 57
CD2014002027 131 0.8 2 62
CD2014002028 131 1 2 58
CD2014002032 131 1.3 2 63
CD2014002033 131 1.2 2 63
CD2014002034 131 1 2 62
CD2014002036 131 0.9 2 62
CD2014002043 131 1.2 2 58
CD2014002045 131 1.1 2 62
CD2014002049 131 0.9 1 47
CD2014002050 131 1 2 58
CD2014002054 131 1 2 61
CD2014002058 131 0.9 2 61
CD2014002061 131 1.1 1 30
CD2014002062 131 1.3 1 45
CD2014002064 131 1.2 2 61
CD2014002065 131 1.3 2 57
CD2014002067 131 0.8 1 38
CD2014002068 131 1.3 2 62
CD2014002078 131 1 2 61
CD2014002079 131 1 1 13
CD2014002083 131 1.1 2 57
CD2014002086 131 1.3 1 50
CD2014002087 131 1.3 2 62
CD2014002089 131 1.1 2 62
CD2014002094 131 0.9 2 63
CD2014002095 131 1.5 2 63
CD2014002097 131 1.2 2 58
CD2014002101 131 1.7 2 62
CD2014002102 131 1.5 2 63
CD2014002106 131 1.4 2 58
CD2014002111 131 1.4 2 62
CD2014002112 131 1.5 2 62
CD2014002113 131 1.4 2 62
CD2014002115 131 1.3 1 25
CD2014002116 131 1.3 2 58
CD2014002118 131 1.4 1 21
CD2014002119 131 1.7 2 62
CD2014002122 131 1.5 2 57
CD2014002124 131 1.2 1 49
CD2014002125 131 1.3 2 58
CD2014002126 131 1.2 2 57
CD2014002127 131 1.3 1 14
CD2014002128 131 1.3 2 63
CD2014002131 131 1.7 2 62
CD2014002132 131 1.5 2 63
CD2014002133 131 1.5 2 63
CD2014002135 131 1.6 1 33
CD2014002138 131 1.7 2 61
CD2014002139 131 1.5 2 63
CD2014002140 131 1.2 2 58
CD2014002141 131 1.3 2 61
CD2014002142 131 0.9 1 47
CD2014002143 131 1.3 2 63
CD2014002145 131 1.2 2 57
CD2014002148 131 1.5 2 62
CD2014002153 131 1.2 2 62
CD2014002155 131 1.1 1 45
CD2014002156 131 1 2 62
CD2014002160 131 1.3 2 63
CD2014002163 131 1.3 2 62
CD2014002164 131 1.3 1 58
CD2014002169 131 1.1 2 57
CD2014002173 131 1.2 2 62
CD2014002177 131 0.9 1 13
CD2014002184 131 1.1 2 58
CD2014002186 131 1.6 2 63
CD2014002187 131 1.6 2 57
CD2014002190 131 1.5 2 62
CD2014002191 131 1.2 2 58
CD2014002194 131 1.2 2 58
CD2014002195 131 1.2 2 63
CD2014002196 131 1.2 2 63
CD2014002197 131 1.2 2 61
CD2014002199 131 1.4 2 61
CD2014002202 131 2.2 2 58
CD2014002203 131 1.8 1 23
CD2014002206 131 1.5 2 62
CD2014002207 131 1.6 2 62
CD2014002209 131 1.8 2 63
CD2014002210 131 1.3 2 61
CD2014002212 131 1.6 2 63
CD2014002213 131 1.6 1 57
CD2014002214 131 1.3 1 55
CD2014002215 131 1.8 2 63
CD2014002216 131 2.2 2 62
CD2014002217 131 1.6 2 57
CD2014002219 131 1.5 2 62
CD2014002220 131 2 2 61
CD2014002221 131 1.6 2 63
CD2014002223 131 1.1 2 63
CD2014002224 131 1.6 2 62
CD2014002225 131 1.6 2 58
CD2014002226 131 2 2 61
CD2014002228 131 1.6 2 62
CD2014002229 131 1.5 2 62
CD2014002231 131 1 1 29
CD2014002232 131 1.6 2 63
CD2014002233 131 2.1 2 62
CD2014002235 131 1.2 1 16
CD2014002237 131 1.5 1 30
CD2014002239 131 2.1 2 58
CD2014002240 131 2 2 62
CD2014002241 131 2 2 61
CD2014002242 131 1.7 2 62
CD2014002244 131 1.8 2 58
CD2014002245 131 1.7 2 63
CD2014002246 131 1.8 2 57
CD2014002248 131 1.7 2 62
CD2014002249 131 1.7 2 61
CD2014002250 131 2.2 2 58
CD2014002253 131 1.8 2 57
CD2014002255 131 1.8 2 61
CD2014002256 131 1.6 2 57
CD2014002257 131 1.5 2 62
CD2014002259 131 1.6 2 61
CD2014002260 131 1.3 2 63
CD2014002264 131 1.4 1 39
CD2014002265 131 1.8 2 62
CD2014002266 131 1.7 2 62
CD2014002268 131 1.6 2 63
CD2014002271 131 1.6 1 47
CD2014002272 131 1.1 2 63
CD2014002274 131 1.4 2 61
CD2014002275 131 1.3 1 37
CD2014002277 131 1.5 2 61
CD2014002279 131 1.5 2 57
CD2014002281 131 1.2 2 62
CD2014002282 131 1.7 2 62
CD2014002283 131 1.6 2 57
CD2014002284 131 1.2 2 63
CD2014002285 131 1.5 1 24
CD2014002286 131 1.1 1 31
CD2014002288 131 1.5 2 58
CD2014002291 131 1.6 1 22
CD2014002292 131 1.1 2 63
CD2014002293 131 1.4 1 19
CD2014002295 131 1.8 2 61
CD2014002296 131 1.2 2 58
CD2014002297 131 1.3 1 43
CD2014002298 131 1.5 2 62
CD2014002300 131 1.6 2 57
CD2014002301 131 1.6 2 63
CD2014002302 131 2 1 46
CD2014002305 131 1.5 1 56
CD2014002308 131 1.5 1 30
CD2014002309 131 1.3 2 58
CD2014002310 131 1.4 2 63
CD2014002313 131 1.5 2 57
CD2014002315 131 1.4 2 61
CD2014002317 131 1.4 2 58
CD2014002319 131 1.5 2 61
CD2014002320 131 1.7 2 58
CD2014002321 131 1.7 2 61
CD2014002322 131 1.7 2 58
CD2014002323 131 1.3 2 62
CD2014002324 131 1.3 1 54
CD2014002326 131 1.7 2 58
CD2014002327 131 1.3 2 57
CD2014002328 131 1.3 1 51
CD2014002331 131 1.6 2 61
CD2014002332 131 1.3 1 37
CD2014002334 131 1.5 2 62
CD2014002336 131 1.5 2 57
CD2014002339 131 1.2 1 61
CD2014002340 131 1.3 1 43
CD2014002342 131 1.2 1 21
CD2014002343 131 1.7 2 63
CD2014002345 131 1.8 2 62
CD2014002348 131 1.9 2 63
CD2014002349 131 1.5 2 63
CD2014002350 131 1.6 2 58
CD2014002352 131 1.4 2 62
CD2014002353 131 1.8 2 58
CD2014002355 131 1.4 2 63
CD2014002357 131 1.3 2 62
CD2014002358 131 1.3 2 63
CD2014002364 131 1.6 2 63
CD2014002365 131 1.4 2 63
CD2014002366 131 1.2 2 58
CD2014002367 131 1.5 2 61
CD2014002369 131 1.4 2 58
CD2014002370 131 1.4 2 61
CD2014002371 131 1.4 2 58
CD2014002372 131 1.5 2 58
CD2014002373 131 1.6 2 61
CD2014002375 131 1.4 2 58
CD2014002376 131 1.5 2 58
CD2014002378 131 1.3 2 62
CD2014002379 131 1.2 2 62
CD2014002380 131 1.6 2 61
CD2014002381 131 1.4 2 62
CD2014002382 131 1.2 1 56
CD2014002383 131 1.4 2 62
CD2014002385 131 1.2 2 57
CD2014002386 131 1.3 2 58
CD2014002388 131 1.4 2 63
CD2014002389 131 1.3 2 58
CD2014002390 131 1.3 2 58
CD2014002391 131 1.4 2 58
CD2014002392 131 1.6 2 58
CD2014002393 131 1.3 2 61
CD2014002395 131 1.2 2 58
CD2014002396 131 1.5 2 62
CD2014002398 131 1.5 2 62
CD2014002399 131 1.3 2 63
CD2014002400 131 1.5 2 63
CD2014002402 131 1.3 2 61
CD2014002403 131 1.8 2 62
CD2014002407 131 1.2 2 62
CD2014002408 131 1.3 2 63
CD2014002414 131 1.5 2 58
CD2014002415 131 1.2 2 58
CD2014002416 131 1.5 2 58
CD2014002418 131 1.2 2 63
CD2014002419 131 1.7 2 62
CD2014002420 131 1.4 2 57
CD2014002421 131 1.2 2 58
CD2014002425 131 1.6 2 63
CD2014002426 131 1.5 2 62
CD2014002427 131 1.4 1 44
CD2014002431 131 1.3 2 61
CD2014002433 131 0.9 2 58
CD2014002434 131 1.2 2 63
CD2014002436 131 1 2 62
CD2014002439 131 1.3 2 62
CD2014002440 131 1.2 2 57
CD2014002441 131 1.5 2 61
CD2014002444 131 1.4 2 61
CD2014002447 131 1.3 2 63
CD2014002448 131 1.2 2 58
CD2014002449 131 0.8 2 62
CD2014002450 131 0.7 2 58
CD2014002451 131 1.2 2 58
CD2014002453 131 1.4 2 61
CD2014002454 131 1.7 2 62
CD2014002456 131 1.6 2 62
CD2014002460 131 1.3 2 62
CD2014002462 131 1.2 2 62
CD2014002467 131 1.2 2 61
CD2014002468 131 1.4 1 56
CD2014002469 131 1.2 2 63
CD2014002471 131 1.3 2 63
CD2014002472 131 1.2 2 63
CD2014002480 131 1.4 1 32
CD2014002481 131 1.5 2 58
CD2014002482 131 1.3 2 62
CD2014002484 131 1.1 2 61
CD2014002487 131 1 1 18
CD2014002489 131 1.5 2 57
CD2014002491 131 1.3 2 61
CD2014002492 131 1.4 2 58
CD2014002494 131 1.2 2 57
CD2014002501 131 1.4 2 58
CD2014002503 131 1.4 2 61
CD2014002507 131 1.6 2 61
CD2014002508 131 1.7 2 61
CD2014002510 131 1.6 2 62
CD2014002511 131 1.3 1 58
CD2014002513 131 1.2 2 58
CD2014002514 131 1.3 2 58
CD2014002515 131 1 1 56
CD2014002518 131 1.5 2 63
CD2014002519 131 1.6 2 61
CD2014002524 131 1.2 2 62
CD2014002525 131 1.5 2 58
CD2014002530 131 1.4 2 57
CD2014002531 131 1 2 63
CD2014002533 131 1.1 2 62
CD2014002535 131 1.3 2 57
CD2014002536 131 1.7 2 62
CD2014002540 131 1.5 2 62
CD2014002542 131 1.4 2 63
CD2014002544 131 1.5 2 63
CD2014002546 131 1.4 1 47
CD2014002548 131 1.2 2 61
CD2014002549 131 1.4 1 53
CD2014002550 131 1.3 2 61
CD2014002552 131 1.8 2 62
CD2014002554 131 1.1 2 58
CD2014002555 131 1.6 2 58
CD2014002556 131 1.7 2 58
CD2014002557 131 1.2 2 63
CD2014002558 131 1.6 2 58
CD2014002560 131 1.2 2 63
CD2014002561 131 1.4 2 58
CD2014002563 131 1.4 2 58
CD2014002566 131 1.2 2 57
CD2014002567 131 1.7 2 57
CD2014002568 131 1.7 2 58
CD2014002570 131 1.5 2 63
CD2014002571 131 1.7 2 58
CD2014002572 131 1.6 2 57
CD2014002573 131 1.9 2 63
CD2014002575 131 1.2 2 62
CD2014002576 131 1.6 2 57
CD2014002579 131 1.6 2 62
CD2014002582 131 1.8 2 62
CD2014002584 131 1.4 2 57
CD2014002585 131 1.6 2 62
CD2014002586 131 1.3 2 63
CD2014002588 131 1.4 2 57
CD2014002589 131 1.4 2 61
CD2014002590 131 1.6 2 63
CD2014002591 131 1.5 2 62
CD2014002592 131 1.1 2 61
CD2014002593 131 1.4 2 63
CD2014002594 131 1.6 2 57
CD2014002596 131 1.5 2 62
CD2014002597 131 1.1 2 57
CD2014002599 131 1.4 2 62
CD2014002600 131 1.4 2 61
CD2014002605 131 1.8 2 61
CD2014002608 131 1.2 2 61
CD2014002609 131 1.2 1 14
CD2014002610 131 1.4 2 62
CD2014002612 131 1.1 1 44
CD2014002615 131 1.2 1 21
CD2014002618 131 1.5 2 58
CD2014002619 131 1.1 1 33
CD2014002623 131 1.3 2 58
CD2014002626 131 1.4 2 63
CD2014002628 131 0.9 1 22
CD2014002629 131 1.3 2 57
CD2014002636 131 1.6 2 63
CD2014002637 131 1 1 44
CD2014002639 131 1.3 2 62
CD2014002640 131 1.4 1 22
CD2014002641 131 1 1 43
CD2014002642 131 1.2 2 57
CD2014002646 131 1.2 2 61
CD2014002649 131 1.2 1 25
CD2014002650 131 1.4 1 32
CD2014002651 131 1.5 2 58
CD2014002653 131 1.3 2 62
CD2014002655 131 1.4 1 32
CD2014002656 131 1.2 2 57
CD2014002659 131 1.2 2 58
CD2014002660 131 1 2 63
CD2014002661 131 1.5 2 63
CD2014002665 131 1.4 2 62
CD2014002666 131 1.1 2 63
CD2014002667 131 0.9 1 57
CD2014002668 131 1.4 1 44
CD2014002669 131 1.3 2 61
CD2014002671 131 1.4 2 57
CD2014002673 131 1 2 62
CD2014002674 131 1.5 2 62
CD2014002676 131 1.3 2 58
CD2014002681 131 1.2 2 63
CD2014002682 131 1.1 2 57
CD2014002683 131 1 2 58
CD2014002685 131 1 1 46
CD2014002686 131 1.1 2 63
CD2014002687 131 1.6 1 24
CD2014002688 131 1.4 2 61
CD2014002690 131 0.8 2 61
CD2014002691 131 1 2 58
CD2014002692 131 1.3 2 62
CD2014002693 131 1.7 2 57
CD2014002694 131 1.2 1 23
CD2014002695 131 1.2 2 57
CD2014002696 131 1.1 2 61
CD2014002697 131 1.2 2 58
CD2014002698 131 1 2 62
CD2014002699 131 1.7 1 55
CD2014002701 132 5 2 58
CD2014002704 132 1.6 2 57
CD2014002705 132 1.4 2 61
CD2014002706 132 1.4 2 62
CD2014002707 132 1.6 2 58
CD2014002708 132 1.8 2 58
CD2014002709 132 1.5 2 61
CD2014002710 132 1.4 2 57
CD2014002711 132 1.7 2 57
CD2014002712 132 1.5 2 58
CD2014002713 132 1.5 1 56
CD2014002714 132 1.5 2 57
CD2014002715 132 1.3 2 61
CD2014002716 132 1.3 1 57
CD2014002718 132 1.8 2 58
CD2014002719 132 1.2 2 58
CD2014002722 132 1.1 2 61
CD2014002725 132 1.8 2 58
CD2014002726 132 1.7 2 63
CD2014002727 132 1.6 2 62
CD2014002731 132 1.6 2 62
CD2014002732 132 1.4 2 61
CD2014002733 132 1.6 2 58
CD2014002735 132 1.5 2 58
CD2014002736 132 1.5 2 61
CD2014002737 132 1.5 2 63
CD2014002738 132 1.4 2 63
CD2014002739 132 1 2 63
CD2014002740 132 1.6 2 63
CD2014002741 132 1.6 2 58
CD2014002743 132 1.4 2 63
CD2014002744 132 1.7 2 57
CD2014002745 132 1.4 2 62
CD2014002748 132 1.4 2 62
CD2014002749 132 1.4 2 58
CD2014002751 132 1.5 2 62
CD2014002752 132 1.5 2 57
CD2014002754 132 1.4 2 58
CD2014002755 132 1.6 2 58
CD2014002756 132 1.5 2 58
CD2014002757 132 1.5 2 57
CD2014002759 132 1.4 2 61
CD2014002760 132 1.5 2 63
CD2014002761 132 1.5 2 62
CD2014002762 132 1.7 2 62
CD2014002765 132 1.3 2 62
CD2014002768 132 1.5 2 62
CD2014002769 132 1.4 2 62
CD2014002770 132 1.2 2 62
CD2014002776 132 1.2 2 61
CD2014002777 132 1.2 1 57
CD2014002778 132 1.2 2 62
CD2014002779 132 1 2 62
CD2014002780 132 1.2 2 58
CD2014002781 132 1.1 2 63
CD2014002784 132 1.6 2 63
CD2014002785 132 1.5 2 57
CD2014002787 132 1.3 2 57
CD2014002788 132 1.4 2 62
CD2014002789 132 1.1 2 62
CD2014002791 132 1.3 2 63
CD2014002792 132 1.2 2 63
CD2014002793 132 1.3 2 58
CD2014002795 132 1.4 2 57
CD2014002798 132 1.2 2 62
CD2014002799 132 1.4 2 61
CD2014002800 132 1.4 1 20
CD2014002801 132 1.5 2 63
CD2014002803 132 1.7 2 62
CD2014002804 132 1.7 2 62
CD2014002805 132 1.5 2 58
CD2014002806 132 1.4 1 18
CD2014002808 132 1.7 2 58
CD2014002809 132 1.7 2 57
CD2014002810 132 1.7 1 41
CD2014002811 132 1.6 2 62
CD2014002813 132 1.7 2 57
CD2014002814 132 1.7 2 61
CD2014002815 132 1.6 2 62
CD2014002816 132 1.5 1 50
CD2014002817 132 1.6 2 61
CD2014002818 132 1.6 1 26
CD2014002820 132 1.3 1 36
CD2014002821 132 1.2 2 63
CD2014002822 132 1.4 1 21
CD2014002823 132 1.6 2 63
CD2014002824 132 1.5 2 62
CD2014002825 132 1.1 1 23
CD2014002827 132 1.5 1 26
CD2014002828 132 1.5 2 58
CD2014002829 132 1.6 1 35
CD2014002830 132 1.8 1 33
CD2014002831 132 1.4 1 23
CD2014002833 132 1.6 2 61
CD2014002835 132 1.7 1 30
CD2014002837 132 1.5 2 62
CD2014002839 132 1.8 1 26
CD2014002843 132 1.3 2 61
CD2014002846 132 1.6 2 63
CD2014002848 132 1.7 1 32
CD2014002850 132 1.8 2 62
CD2014002851 132 1.5 2 61
CD2014002852 132 1.3 2 61
CD2014002854 132 1 2 62
CD2014002855 132 1.2 1 48
CD2014002857 132 1.2 2 57
CD2014002858 132 1.1 2 62
CD2014002859 132 1.2 2 62
CD2014002860 132 1.3 2 61
CD2014002864 132 1.3 2 63
CD2014002865 132 1.2 2 57
CD2014002866 132 1.2 2 63
CD2014002867 132 1.5 2 57
CD2014002869 132 1.2 2 58
CD2014002870 132 1.5 2 62
CD2014002871 132 1.3 1 32
CD2014002873 132 1.2 1 21
CD2014002875 132 1.1 2 61
CD2014002876 132 1.3 2 63
CD2014002879 132 1.2 1 46
CD2014002883 132 1.3 2 58
CD2014002884 132 1.2 2 58
CD2014002885 132 1 1 43
CD2014002887 132 1.1 2 63
CD2014002889 132 1.3 2 62
CD2014002890 132 1 1 55
CD2014002891 132 1.1 1 52
CD2014002892 132 1.2 2 57
CD2014002893 132 1.3 2 58
CD2014002895 132 1.7 2 58
CD2014002898 132 1.7 2 62
CD2014002901 132 1.4 2 61
