CD2011000389 200 7.8 1 24
CD2011000390 200 7.4 1 16
CD2011000397 200 7.8 1 17
CD2011000398 200 5.9 1 18
CD2011000400 200 7.5 1 19
CD2011000406 200 7.4 1 24
CD2011000411 200 10.9 1 15
CD2011000412 200 9.8 1 18
CD2011000601 201 6.8 2 32
CD2011000605 201 7.3 1 19
CD2011000608 201 8.4 2 32
CD2011000609 201 6.4 2 32
CD2011000610 201 7.8 2 32
CD2011000775 200 9.2 2 32
CD2011000781 200 9.6 1 24
CD2011000818 200 7.4 2 32
CD2011000820 200 7.5 2 32
CD2011000821 200 5.9 2 32
CD2011000823 200 6.7 1 27
CD2011000825 200 7.2 2 32
CD2011000833 200 6.7 2 32
CD2011001007 191 10.2 1 23
CD2011001035 191 8.1 1 20
CD2011001043 191 7.7 1 15
CD2011001044 191 6.9 1 24
CD2011001045 191 6.1 1 14
CD2011001047 191 7.5 1 16
CD2011001252 202 8.5 1 14
CD2011001257 202 5.3 1 24
CD2011001258 202 7.4 1 15
CD2011001263 202 8.6 1 8
CD2011001266 202 7.9 2 32
CD2011001280 202 7.6 1 5
CD2011001293 202 7.5 2 32
CD2011001469 201 8.1 1 24
CD2011001471 201 9.2 1 11
CD2011001473 201 7 1 23
CD2011001474 201 8.8 1 21
CD2011001480 201 6.6 1 14
CD2011001482 201 10.6 1 20
CD2011001487 201 7.5 1 26
CD2011001488 201 7.3 1 19
CD2011001489 201 7.7 1 15
CD2011001653 201 8.1 1 20
CD2011001681 201 7.4 1 13
CD2011001686 201 8.3 1 29
CD2011001688 201 7.2 2 32
CD2011001693 201 7.4 2 32
CD2011001695 201 6.3 1 18
CD2011001717 201 8.8 2 32
CD2011001904 201 8 1 17
CD2011001905 201 6.9 1 12
CD2011001907 201 7.5 1 11
CD2011001908 201 9.6 1 14
CD2011001909 201 9.4 1 19
CD2011001911 201 8.1 1 24
CD2011001916 201 10.8 2 32
CD2011001917 201 7.4 2 32
CD2011001919 201 7.3 2 32
CD2011001920 201 7.6 1 20
CD2011002126 202 7.4 1 25
CD2011002132 202 8.4 1 6
CD2011002134 202 9.3 1 12
CD2011002150 202 10.8 2 32
CD2011002152 202 9.5 1 12
CD2011002164 202 8.9 2 32
CD2011002338 203 5.9 1 11
CD2011002339 203 8 2 32
CD2011002342 203 5.9 1 24
CD2011002344 203 4.9 1 20
CD2011002345 203 6.5 1 20
CD2011002346 203 7 2 32
CD2011002347 203 5.5 2 32
CD2011002350 203 5.6 1 19
CD2011002352 203 8 1 18
CD2011002555 202 8.4 2 32
CD2011002556 202 6.6 1 18
CD2011002557 202 7.8 1 14
CD2011002558 202 7.8 2 32
CD2011002564 202 5.3 1 30
CD2011002565 202 6 2 32
CD2011002569 202 6.4 1 15
CD2011002571 202 7.8 1 15
CD2011002772 202 5.9 1 15
CD2011002773 202 6.7 1 20
CD2011002775 202 7.2 1 11
CD2011002777 202 7.1 1 15
CD2011002778 202 7.1 1 15
CD2011002779 202 6.8 1 11
CD2011002781 202 8.6 1 15
CD2011002782 202 6.8 2 32
CD2011002783 202 8.9 1 14
CD2011002988 202 7.9 2 32
CD2011002989 202 9 1 15
CD2011002997 202 6.9 1 18
CD2011003000 202 7.8 1 30
CD2011003002 202 9 1 29
CD2011003009 202 8.1 1 23
CD2011003029 202 8.1 1 14
CD2011003205 202 6.6 2 32
CD2011003207 202 7.7 1 16
CD2011003208 202 6.9 1 16
CD2011003210 202 6.8 2 32
CD2011003211 202 6.1 2 32
CD2011003213 202 8 1 18
CD2011003215 202 7.1 1 11
CD2011003216 202 7.3 1 14
CD2011003217 202 5.8 1 26
CD2011003424 202 8.4 1 14
CD2011003430 202 7.5 1 11
CD2011003439 202 6.4 1 15
CD2011003444 202 6.8 1 16
CD2011003445 202 6.7 1 21
CD2011003446 202 6.4 1 13
CD2011003455 202 7.3 2 32
CD2011003641 202 5.2 1 12
CD2011003643 202 8.1 2 32
CD2011003645 202 6.8 1 16
CD2011003646 202 5.3 2 32
CD2011003648 202 8.2 2 32
CD2011003649 202 7.7 1 18
CD2011003650 202 5.9 1 21
CD2011003651 202 9.6 2 32
CD2011003654 202 7.8 1 25
CD2011003862 202 6.1 2 32
CD2011003864 202 5.7 2 32
CD2011003866 202 5.6 2 32
CD2011003868 202 6 1 14
CD2011003874 202 6.8 1 15
CD2011004073 203 6.8 2 32
CD2011004078 203 7.6 1 14
CD2011004079 203 8.5 1 27
CD2011004080 203 6.5 1 15
CD2011004081 203 7.6 1 14
CD2011004082 203 7.7 2 32
CD2011004085 203 7.3 2 32
CD2011004087 203 7.2 2 32
CD2011004290 194 6.4 1 18
CD2011004291 194 6.9 1 15
CD2011004293 194 7.1 1 21
CD2011004297 194 7.7 1 11
CD2011004299 194 6.4 1 12
CD2011004302 194 8.2 1 15
CD2011004303 194 8.6 1 26
CD2011004305 194 7.8 1 12
CD2011004508 203 8.2 2 32
CD2011004510 203 7.7 1 13
CD2011004511 203 8.5 1 15
CD2011004513 203 9.4 1 15
CD2011004517 203 8.6 1 11
CD2011004518 203 5.5 1 17
CD2011004522 203 7.8 1 5
CD2011004676 204 9.8 1 19
CD2011004681 204 10 1 17
CD2011004731 204 6.2 1 11
CD2011004732 204 7.8 1 20
CD2011004736 204 10.2 1 24
CD2011004739 204 5.9 1 18
CD2011004746 204 6.3 1 11
CD2011004942 204 7.6 1 26
CD2011004944 204 6.6 2 32
CD2011004946 204 6.4 1 20
CD2011004948 204 7.5 1 25
CD2011004949 204 8.8 2 32
CD2011004952 204 7.3 2 32
CD2011004954 204 7.3 2 32
CD2011004955 204 7.7 1 13
CD2011005159 203 6 1 22
CD2011005161 203 6.9 2 32
CD2011005162 203 5.3 1 18
CD2011005169 203 7.6 1 23
CD2011005176 203 6.4 2 32
CD2011005181 203 5.5 1 18
CD2011005184 203 5.5 2 32
CD2011005187 203 5.4 2 32
CD2011005375 204 7.5 2 32
CD2011005376 204 6.7 1 11
CD2011005377 204 5.8 2 32
CD2011005378 204 6.1 1 30
CD2011005380 204 7 1 25
CD2011005384 204 6.9 1 29
CD2011005391 204 7.2 1 28
CD2011005592 204 8.6 2 32
CD2011005594 204 8.3 2 32
CD2011005598 204 8.2 2 32
CD2011005600 204 8.5 2 32
CD2011005602 204 6.6 2 32
CD2011005605 204 7.9 2 32
CD2011005606 204 7.5 2 32
CD2011005810 204 6.4 1 18
CD2011005811 204 7.4 1 17
CD2011005815 204 9.3 1 24
CD2011005816 204 8.3 1 13
CD2011005817 204 6.4 2 32
CD2011005819 204 8.6 1 14
CD2011005820 204 7.3 1 12
CD2011005828 204 7.2 1 13
CD2011006042 205 8 2 32
CD2011006046 205 7.2 2 32
CD2011006054 205 7.4 1 29
CD2011006063 205 8.8 1 23
CD2011006244 205 10.8 1 18
CD2011006245 205 9.1 2 32
CD2011006246 205 9.1 2 32
CD2011006247 205 7.1 2 32
CD2011006248 205 10.3 2 32
CD2011006250 205 8.4 1 21
CD2011006251 205 8.4 1 14
CD2011006253 205 9.1 2 32
CD2011006461 204 10 1 16
CD2011006462 204 8.5 2 32
CD2011006465 204 7.9 2 32
CD2011006466 204 8 2 32
CD2011006467 204 9.3 1 12
CD2011006468 204 8.2 1 11
CD2011006470 204 8.1 1 15
CD2011006471 204 4.8 2 32
CD2011006474 204 7.3 1 14
CD2011006679 204 6.9 1 16
CD2011006680 204 7.3 2 32
CD2011006682 204 9.7 1 10
CD2011006687 204 8.8 1 19
CD2011006688 204 8.5 2 32
CD2011006689 204 8.3 1 15
CD2011006691 204 8.6 1 18
CD2011006692 204 9.7 1 21
CD2011006695 204 7.4 1 27
CD2011006894 205 8 1 11
CD2011006906 205 7.9 1 12
CD2011006907 205 6.7 2 32
CD2011006911 205 8 1 14
CD2011006913 205 5.9 1 13
CD2011006917 205 6.5 1 12
CD2011007112 196 9.9 1 14
CD2011007115 196 6.6 1 11
CD2011007117 196 7.1 1 15
CD2011007118 196 6.9 1 21
CD2011007119 196 8.8 1 12
CD2011007120 196 6.3 1 14
CD2011007121 196 9.2 1 17
CD2011007122 196 8.8 2 32
CD2011007123 196 6.6 1 21
CD2011007126 196 9.7 1 24
CD2011007328 196 7.8 1 13
CD2011007330 196 7.8 1 27
CD2011007332 196 7.4 1 29
CD2011007333 196 6.5 1 18
CD2011007334 196 5.3 2 32
CD2011007342 196 7.8 1 11
CD2011007343 196 6.6 1 18
CD2011007344 196 7 1 18
CD2011007345 196 7.5 1 18
CD2011007550 206 6.6 2 32
CD2011007556 206 6.3 1 25
CD2011007557 206 7.2 2 32
CD2011007559 206 6.1 2 32
CD2011007564 206 6.3 1 27
CD2011007567 206 8.7 2 32
CD2011007762 205 7.3 1 21
CD2011007763 205 6.9 1 17
CD2011007765 205 7 2 32
CD2011007766 205 7.6 1 18
CD2011007770 205 7.9 1 14
CD2011007774 205 5.2 2 32
CD2011007775 205 6.7 2 32
CD2011007776 205 6.3 1 13
CD2011007779 205 6.5 1 25
CD2011007978 205 5.5 1 16
CD2011007979 205 5.7 1 16
CD2011007982 205 7.9 1 18
CD2011007985 205 6.5 1 18
CD2011007987 205 4.9 1 11
CD2011007988 205 5.2 1 14
CD2011007990 205 7.4 2 32
CD2011008193 206 8 1 17
CD2011008195 206 8 1 17
CD2011008196 206 8 1 18
CD2011008199 206 7.5 1 15
CD2011008200 206 6.3 1 22
CD2011008205 206 5.4 2 32
CD2011008206 206 7.5 1 14
CD2011008207 206 8.1 1 17
CD2011008209 206 8.8 2 32
CD2011008412 205 5.4 1 14
CD2011008415 205 11.7 1 10
CD2011008416 205 6.8 1 27
CD2011008417 205 7.6 1 15
CD2011008420 205 9.3 1 21
CD2011008422 205 6.4 1 17
CD2011008423 205 7 2 32
CD2011008425 205 7 1 13
CD2011008431 205 5.7 1 15
CD2011008628 205 6.4 2 32
CD2011008630 205 6.4 1 14
CD2011008631 205 7 2 32
CD2011008634 205 6.1 1 13
CD2011008635 205 9.1 1 28
CD2011008639 205 10 2 32
CD2011008845 205 7.8 2 32
CD2011008846 205 7.8 1 22
CD2011008847 205 6 1 19
CD2011008848 205 7.4 1 14
CD2011008851 205 5.8 1 14
CD2011008853 205 5.7 1 15
CD2011008854 205 8.6 1 15
CD2011008856 205 6.5 2 32
CD2011008857 205 6.5 2 32
CD2011009017 207 4.6 1 11
CD2011009063 207 5.4 1 12
CD2011009065 207 6.3 1 29
CD2011009066 207 6.6 1 29
CD2011009072 207 4.8 2 32
CD2011009073 207 5.6 2 32
CD2011009080 207 6.2 1 10
CD2011009081 207 9 2 32
CD2011009087 207 5.9 2 32
CD2011009279 207 6.4 2 32
CD2011009280 207 6.5 2 32
CD2011009284 207 5.9 2 32
CD2011009288 207 7.3 2 32
CD2011009289 207 7 2 32
CD2011009496 206 6.1 2 32
CD2011009498 206 7.5 1 19
CD2011009503 206 7 1 15
CD2011009506 206 8 2 32
CD2011009507 206 6.8 2 32
CD2011009508 206 6.9 1 15
CD2011009509 206 7.6 2 32
CD2011009529 206 10.2 1 11
CD2011009716 206 4.9 1 17
CD2011009720 206 4.9 2 32
CD2011009723 206 6.6 1 20
CD2011009724 206 6 1 15
CD2011009729 206 7.7 1 22
CD2011009730 206 6.6 2 32
CD2011009731 206 6.2 1 13
CD2011009732 206 7.3 2 32
CD2011009734 206 6.8 1 19
CD2011009929 206 9.7 1 15
CD2011009934 206 6.2 2 32
CD2011009936 206 6.5 1 21
CD2011009938 206 5.9 1 23
CD2011009941 206 7.3 2 32
CD2011009942 206 9 1 20
CD2011009945 206 7 2 32
CD2011009946 206 7.2 1 18
CD2011009950 206 5.8 1 15
CD2011010147 207 6.3 1 19
CD2011010148 207 9.2 1 26
CD2011010149 207 7.6 2 32
CD2011010151 207 7.7 1 17
CD2011010152 207 7.3 1 16
CD2011010153 207 7.3 2 32
CD2011010156 207 6.8 1 17
CD2011010158 207 7.7 1 18
CD2011010363 206 7.7 1 13
CD2011010367 206 7.5 1 27
CD2011010373 206 6.7 1 14
CD2011010374 206 9.8 2 32
CD2011010376 206 7.2 1 18
CD2011010378 206 6.5 2 32
CD2011010379 206 7.4 1 11
CD2011010380 206 6.4 1 29
CD2011010383 206 6.6 1 22
CD2011010585 198 6.7 1 11
CD2011010586 198 7.8 1 21
CD2011010591 198 6 1 30
CD2011010595 198 6.6 1 24
CD2011010601 198 6.4 2 32
CD2011010603 198 6.6 1 22
CD2011010797 207 8.5 2 32
CD2011010798 207 7.7 2 32
CD2011010800 207 7 2 32
CD2011010802 207 7.7 2 32
CD2011010803 207 6.5 2 32
CD2011010806 207 6.5 1 11
CD2011010807 207 5.5 2 32
CD2011010809 207 9.6 2 32
CD2011010810 207 8.4 2 32
CD2011010811 207 7.7 1 8
CD2011011016 207 7.3 2 32
CD2011011017 207 8.8 2 32
CD2011011018 207 7 1 23
CD2011011019 207 7.6 2 32
CD2011011021 207 7.3 2 32
CD2011011033 207 8.5 2 32
CD2011011034 207 7.3 2 32
CD2011011035 207 7.3 2 32
CD2011011233 207 6.2 2 32
CD2011011234 207 8.2 2 32
CD2011011235 207 6.1 1 18
CD2011011236 207 6.8 1 22
CD2011011237 207 7.4 1 15
CD2011011241 207 6.7 1 15
CD2011011244 207 7.4 2 32
CD2011011265 207 6.7 1 30
CD2011011446 207 8.4 1 20
CD2011011448 207 7.4 1 24
CD2011011453 207 7 2 32
CD2011011454 207 7.2 2 32
CD2011011456 207 9.4 1 16
CD2011011457 207 6.4 2 32
CD2011011458 207 5.1 2 32
CD2011011461 207 6.1 2 32
CD2011011462 207 6.7 2 32
CD2011011663 196 5.8 1 13
CD2011011665 196 6 1 27
CD2011011668 196 5.7 1 14
CD2011011671 196 6.4 1 11
CD2011011673 196 6.8 1 14
CD2011011675 196 6 2 32
CD2011011676 196 6.1 1 14
CD2011011881 198 7.9 2 32
CD2011011882 198 7.2 2 32
CD2011011884 198 8.3 2 32
CD2011011885 198 8.4 2 32
CD2011011889 198 7.8 2 32
CD2011011892 198 8.3 1 27
CD2011011895 198 8.3 1 20
CD2011011896 198 7.6 2 32
CD2011011897 198 8.3 2 32
CD2011012097 196 6.2 1 16
CD2011012098 196 6.2 2 32
CD2011012101 196 7.6 2 32
CD2011012103 196 7.9 2 32
CD2011012104 196 6.5 1 14
CD2011012107 196 7.2 2 32
CD2011012108 196 7.7 1 20
CD2011012314 208 6.4 2 32
CD2011012315 208 6.9 1 14
CD2011012317 208 6.2 2 32
CD2011012319 208 7.3 2 32
CD2011012320 208 6.2 2 32
CD2011012321 208 6.9 1 17
CD2011012323 208 7 2 32
CD2011012326 208 7.6 2 32
CD2011012328 208 6.4 1 22
CD2011012531 197 5.5 2 32
CD2011012540 197 8.9 2 32
CD2011012542 197 8.6 2 32
CD2011012543 197 8.2 1 17
CD2011012544 197 8 2 32
CD2011012545 197 7.7 2 32
CD2011012549 197 7 1 30
CD2011012550 197 6.1 2 32
CD2011012552 197 7.5 2 32
CD2011012745 199 6.2 2 32
CD2011012746 199 7.7 2 32
CD2011012748 199 6.7 1 18
CD2011012750 199 6.8 2 32
CD2011012752 199 7.1 2 32
CD2011012757 199 5.8 2 32
CD2011012964 208 6.7 1 13
CD2011012966 208 7.3 2 32
CD2011012967 208 5.7 1 11
CD2011012968 208 7.5 1 18
CD2011012969 208 8.2 1 24
CD2011012972 208 6.8 2 32
CD2011012977 208 5.8 1 12
CD2011012978 208 7.6 1 11
CD2011012981 208 6.6 1 13
CD2011013179 208 6 1 29
CD2011013182 208 7 1 18
CD2011013183 208 5.4 1 27
CD2011013188 208 7.8 1 14
CD2011013189 208 7.4 2 32
CD2011013192 208 7.6 2 32
CD2011013194 208 6.2 1 13
CD2011013398 208 9.4 1 13
CD2011013399 208 7.8 2 32
CD2011013400 208 6.6 1 11
CD2011013403 208 6.3 2 32
CD2011013404 208 8.3 2 32
CD2011013407 208 7 1 10
CD2011013408 208 8 1 13
CD2011013411 208 6 1 15
CD2011013413 208 6.3 2 32
CD2011013613 209 7.3 2 32
CD2011013615 209 7.6 2 32
CD2011013619 209 8.5 2 32
CD2011013620 209 7.4 1 29
CD2011013621 209 7.3 1 17
CD2011013626 209 5.8 1 14
CD2011013630 209 4.8 1 14
CD2011013632 209 8.5 1 29
CD2011013831 210 8.8 2 32
CD2011013835 210 7.4 1 27
CD2011013839 210 8.1 1 15
CD2011013840 210 9.3 2 32
CD2011013841 210 6.5 1 19
CD2011013842 210 6.4 2 32
CD2011013843 210 6.3 2 32
CD2011013844 210 7.5 2 32
CD2011014049 198 6.6 2 32
CD2011014050 198 7.6 2 32
CD2011014051 198 7.2 2 32
CD2011014056 198 7 2 32
CD2011014060 198 6.5 2 32
CD2011014061 198 6.9 1 18
CD2011014095 198 7.7 2 32
CD2011014266 209 7.5 1 13
CD2011014271 209 7.2 1 27
CD2011014276 209 5.4 1 14
CD2011014278 209 6.6 1 19
CD2011014280 209 7.9 1 18
CD2011014281 209 6.9 1 14
CD2011014282 209 5.1 1 14
CD2011014485 200 5.2 2 32
CD2011014486 200 7.5 2 32
CD2011014492 200 7.9 1 11
CD2011014493 200 6.9 2 32
CD2011014494 200 7.4 2 32
CD2011014498 200 6.6 1 18
CD2011014499 200 7.7 2 32
CD2011014698 200 7.5 2 32
CD2011014699 200 6.9 1 25
CD2011014701 200 6.8 1 15
CD2011014702 200 6.8 1 24
CD2011014706 200 6.3 1 19
CD2011014711 200 7.9 1 15
CD2011014713 200 8.2 2 32
CD2011014715 200 7.7 2 32
CD2011014917 198 6.2 2 32
CD2011014919 198 7 2 32
CD2011014920 198 7 2 32
CD2011014921 198 7.2 2 32
CD2011014922 198 9.3 2 32
CD2011014923 198 7.8 2 32
CD2011014924 198 6.6 2 32
CD2011014925 198 6.4 1 15
CD2011015092 200 6 1 12
CD2011015101 200 6.1 2 32
CD2011015132 200 8.9 1 20
CD2011015133 200 10.4 2 32
CD2011015134 200 6.8 1 15
CD2011015135 200 8.9 1 19
CD2011015136 200 8.1 1 18
CD2011015137 200 6.4 1 11
CD2011015349 210 5.7 1 14
CD2011015351 210 7.5 1 22
CD2011015352 210 5.8 2 32
CD2011015353 210 6.4 2 32
CD2011015354 210 7.8 1 20
CD2011015356 210 5.1 1 18
CD2011015357 210 7.9 1 20
CD2011015358 210 7 1 14
CD2011015567 201 7.4 1 28
CD2011015568 201 6 1 21
CD2011015569 201 6.5 1 17
CD2011015570 201 4.8 2 32
CD2011015571 201 6.3 1 22
CD2011015573 201 6 1 27
CD2011015574 201 6.3 2 32
CD2011015785 211 5.9 1 22
CD2011015786 211 5.4 1 14
CD2011015787 211 6.1 2 32
CD2011015790 211 5.6 1 20
CD2011015791 211 5 2 32
CD2011015793 211 4.7 2 32
CD2011015799 211 5.6 2 32
CD2011015802 211 4.9 2 32
CD2011016000 199 6.2 1 10
CD2011016001 199 6.8 1 12
CD2011016002 199 7.9 1 20
CD2011016006 199 7.6 2 32
CD2011016007 199 7.1 1 26
CD2011016008 199 6.5 1 15
CD2011016010 199 7.3 1 15
CD2011016012 199 6.4 1 20
CD2011016013 199 5.7 1 18
CD2011016183 210 9.5 1 19
CD2011016219 210 5.8 1 13
CD2011016220 210 7.5 1 18
CD2011016222 210 5.8 1 17
CD2011016225 210 7.2 1 14
CD2011016233 210 4.5 1 18
CD2011016256 210 4.7 2 32
CD2011016437 210 6.2 2 32
CD2011016441 210 6.1 1 26
CD2011016443 210 6.7 2 32
CD2011016447 210 6.2 2 32
CD2011016450 210 6.7 2 32
CD2011016451 210 7 2 32
CD2011016653 210 11.1 1 21
CD2011016657 210 5.5 1 15
CD2011016658 210 6.5 1 21
CD2011016661 210 4.9 1 14
CD2011016665 210 7.4 1 28
CD2011016868 199 7.3 1 13
CD2011016871 199 6.8 1 15
CD2011016872 199 5.6 1 19
CD2011016877 199 6.7 1 29
CD2011016878 199 7.2 2 32
CD2011016879 199 5.5 1 15
CD2011016880 199 9.5 1 18
CD2011016882 199 7.6 1 15
CD2011017087 214 8.8 2 32
CD2011017088 214 7.8 1 16
CD2011017089 214 8.4 2 32
CD2011017093 214 7.7 2 32
CD2011017094 214 7 1 18
CD2011017301 213 6.6 1 23
CD2011017305 213 8 1 24
CD2011017306 213 6.9 1 14
CD2011017309 213 5.7 2 32
CD2011017310 213 6.1 2 32
CD2011017314 213 7.2 2 32
CD2011017315 213 7.8 2 32
CD2011017317 213 8.5 2 32
CD2011017318 213 6.4 2 32
CD2011017319 213 9.2 2 32
CD2011017519 214 8.4 2 32
CD2011017520 214 6 2 32
CD2011017521 214 6.1 2 32
CD2011017522 214 7.6 1 14
CD2011017526 214 9.1 2 32
CD2011017527 214 7.4 2 32
CD2011017529 214 6.4 1 28
CD2011017531 214 4.9 1 15
CD2011017734 214 7.5 1 13
CD2011017736 214 7.5 2 32
CD2011017738 214 7.1 1 18
CD2011017740 214 6.4 2 32
CD2011017741 214 7.5 2 32
CD2011017742 214 7.4 1 28
CD2011017743 214 8.4 2 32
CD2011017744 214 8.5 2 32
CD2011017951 203 6.9 1 22
CD2011017953 203 6.2 2 32
CD2011017954 203 6.3 2 32
CD2011017959 203 5.7 2 32
CD2011017960 203 6.4 1 15
CD2011017961 203 6.9 1 30
CD2011017963 203 7 2 32
CD2011017964 203 5.7 2 32
CD2011017965 203 5.7 2 32
CD2011018167 203 5.8 1 18
CD2011018168 203 7.8 2 32
CD2011018169 203 6.1 2 32
CD2011018170 203 6.1 1 17
CD2011018171 203 6.3 1 15
CD2011018173 203 6.1 1 13
CD2011018174 203 7 1 14
CD2011018176 203 5.1 2 32
CD2011018177 203 6.6 1 24
CD2011018385 205 6.6 2 32
CD2011018386 205 5.2 2 32
CD2011018387 205 7.6 2 32
CD2011018391 205 6.2 1 18
CD2011018394 205 5.4 2 32
CD2011018396 205 6.9 1 26
CD2011018399 205 6.1 2 32
CD2011018601 203 6.3 2 32
CD2011018602 203 5.9 2 32
CD2011018603 203 6.6 1 13
CD2011018605 203 6.5 2 32
CD2011018607 203 7.8 1 17
CD2011018608 203 6.4 2 32
CD2011018610 203 6.4 1 22
CD2011018613 203 6.3 1 18
CD2011018614 203 6 1 15
CD2011018821 205 6.1 2 32
CD2011018822 205 8.6 2 32
CD2011018823 205 6.1 1 18
CD2011018827 205 8.2 2 32
CD2011018828 205 6.2 1 22
CD2011018829 205 5.4 2 32
CD2011018832 205 5 1 18
CD2011019036 203 8.1 1 18
CD2011019043 203 9.4 2 32
CD2011019047 203 6.3 1 30
CD2011019048 203 7.3 1 14
CD2011019052 203 6 1 9
CD2011019054 203 6.6 1 29
CD2011019055 203 8.6 1 12
CD2011019252 214 6.9 2 32
CD2011019257 214 7.2 1 19
CD2011019259 214 8.1 1 15
CD2011019261 214 7.2 1 18
CD2011019265 214 5.4 2 32
CD2011019270 214 5.6 1 20
CD2011019273 214 6 1 11
CD2011019277 214 6.2 1 20
CD2011019470 206 5.6 1 14
CD2011019477 206 4.6 1 25
CD2011019479 206 5.6 1 29
CD2011019480 206 5.3 1 30
CD2011019481 206 6 2 32
CD2011019482 206 6 1 30
CD2011019485 206 7.7 1 15
CD2011019490 206 8.3 2 32
CD2011019683 204 5.3 2 32
CD2011019684 204 6.2 2 32
CD2011019685 204 6.1 2 32
CD2011019686 204 6.1 2 32
CD2011019687 204 9.6 2 32
CD2011019688 204 6 2 32
CD2011019690 204 6.6 2 32
CD2011019692 204 5.8 2 32
CD2011019693 204 7.7 2 32
CD2011019901 206 7.8 1 17
CD2011019903 206 8.1 1 24
CD2011019905 206 6.3 2 32
CD2011019908 206 6 2 32
CD2011019910 206 7.5 1 29
CD2011019911 206 8 2 32
CD2011019913 206 8 1 17
CD2011020117 206 5.7 2 32
CD2011020119 206 5.7 2 32
CD2011020122 206 6 2 32
CD2011020123 206 6.9 2 32
CD2011020124 206 5.8 2 32
CD2011020125 206 6.6 2 32
CD2011020126 206 7.4 2 32
CD2011020128 206 6.7 1 17
CD2011020130 206 6.6 2 32
CD2011020337 204 5.2 1 16
CD2011020339 204 7.1 1 20
CD2011020343 204 6 1 18
CD2011020345 204 7.2 2 32
CD2011020346 204 5.6 1 20
CD2011020347 204 6 1 22
CD2011020349 204 6.3 1 15
CD2011020350 204 5.6 1 13
CD2011020351 204 6.6 1 13
CD2011020555 206 5 2 32
CD2011020556 206 6 2 32
CD2011020557 206 6 2 32
CD2011020567 206 4.9 2 32
CD2011020571 206 6.8 2 32
CD2011020572 206 8 2 32
CD2011020574 206 6.7 2 32
CD2011020768 206 6.5 1 19
CD2011020769 206 9 2 32
CD2011020770 206 6.5 1 11
CD2011020773 206 6.2 1 24
CD2011020774 206 5.5 2 32
CD2011020776 206 6.1 1 15
CD2011020778 206 6.5 1 14
CD2011020783 206 6.3 1 16
CD2011020784 206 6.5 1 12
CD2011020984 205 5 2 32
CD2011020987 205 5.4 1 17
CD2011020988 205 7.1 1 18
CD2011020990 205 6.6 1 14
CD2011020991 205 5.8 1 14
CD2011020995 205 7.4 1 11
CD2011020997 205 8.5 1 19
CD2011020998 205 6.6 1 11
CD2011020999 205 6.8 2 32
CD2011021201 205 4.8 1 18
CD2011021203 205 4.2 1 14
CD2011021204 205 6.5 1 15
CD2011021205 205 6 1 23
CD2011021207 205 5.7 1 14
CD2011021209 205 5.2 1 18
CD2011021210 205 4.2 1 12
CD2011021419 207 4.8 2 32
CD2011021420 207 6.7 1 14
CD2011021421 207 5.4 2 32
CD2011021422 207 6.9 2 32
CD2011021423 207 4.9 1 20
CD2011021425 207 7.4 2 32
CD2011021428 207 5.9 1 29
CD2011021635 207 5.7 1 24
CD2011021636 207 5.3 2 32
CD2011021642 207 6.3 2 32
CD2011021645 207 6.5 1 18
CD2011021648 207 6.3 1 27
CD2011021649 207 4.8 1 25
CD2011021851 205 5.3 2 32
CD2011021854 205 5.8 1 17
CD2011021855 205 5.1 1 20
CD2011021862 205 5 2 32
CD2011021865 205 4.9 1 14
CD2011021869 205 5.4 1 20
CD2011021870 205 6.6 2 32
CD2011022068 207 8.7 1 12
CD2011022070 207 5.8 1 17
CD2011022071 207 6.5 1 23
CD2011022072 207 7.3 1 10
CD2011022074 207 5.5 1 11
CD2011022076 207 6.5 1 11
CD2011022084 207 7.4 1 11
CD2011022087 207 8 1 19
CD2011022287 208 6.3 1 12
CD2011022289 208 7 1 20
CD2011022290 208 5.5 2 32
CD2011022292 208 5.6 1 11
CD2011022294 208 5.8 2 32
CD2011022296 208 7.4 1 17
CD2011022297 208 6.8 1 19
CD2011022502 208 6.5 2 32
CD2011022503 208 7.6 2 32
CD2011022504 208 5.2 2 32
CD2011022506 208 4.8 2 32
CD2011022507 208 5.1 2 32
CD2011022509 208 6.2 2 32
CD2011022514 208 6.5 1 24
CD2011022515 208 6.6 2 32
CD2011022516 208 6.1 2 32
CD2011022719 208 7.4 2 32
CD2011022720 208 6.7 1 19
CD2011022721 208 7.2 1 24
CD2011022722 208 7.4 1 12
CD2011022726 208 6.3 1 21
CD2011022727 208 5.8 1 17
CD2011022728 208 5.6 2 32
CD2011022729 208 4.8 1 26
CD2011022901 208 5.5 1 17
CD2011022902 208 6.8 1 11
CD2011022936 208 7.1 1 17
CD2011022937 208 7.2 1 21
CD2011022938 208 7.2 2 32
CD2011022941 208 6.4 1 18
CD2011022942 208 5.4 2 32
CD2011022944 208 5.5 1 18
CD2011022948 208 6 2 32
CD2011022950 208 6.6 2 32
CD2011000403 200 9.7 2 32
CD2011000408 200 9 1 22
CD2011000409 200 8.2 1 23
CD2011000410 200 12.1 1 26
CD2011000414 200 9.4 1 26
CD2011000418 200 8 1 18
CD2011000423 200 7.3 1 22
CD2011000424 200 8.3 2 32
CD2011000428 200 6.9 1 22
CD2011000616 201 9.7 2 32
CD2011000618 201 8.3 2 32
CD2011000622 201 8.8 2 32
CD2011000625 201 7.1 2 32
CD2011000840 200 8.3 1 15
CD2011000842 200 6.8 1 22
CD2011000845 200 6.2 1 17
CD2011000846 200 5.5 1 14
CD2011001001 191 8.6 1 16
CD2011001050 191 7.9 1 10
CD2011001051 191 7.7 1 12
CD2011001057 191 7.4 2 32
CD2011001058 191 6.4 1 14
CD2011001059 191 6.7 1 18
CD2011001063 191 6.6 1 14
CD2011001204 202 6.7 1 19
CD2011001281 202 7.1 1 15
CD2011001283 202 6.6 1 18
CD2011001284 202 6.8 1 18
CD2011001296 202 7.3 1 16
CD2011001298 202 9.3 2 32
CD2011001490 201 8.4 1 15
CD2011001491 201 7.5 1 17
CD2011001496 201 6 1 14
CD2011001497 201 7.9 1 28
CD2011001500 201 8.4 1 14
CD2011001503 201 8.6 2 32
CD2011001504 201 10.1 1 14
CD2011001508 201 6.9 1 15
CD2011001510 201 7.6 1 17
CD2011001645 201 10.8 1 19
CD2011001694 201 6.7 1 16
CD2011001697 201 6.1 1 23
CD2011001698 201 6.1 1 14
CD2011001699 201 5.2 2 32
CD2011001701 201 6.7 1 17
CD2011001714 201 6.7 1 20
CD2011001921 201 5.5 1 15
CD2011001922 201 8.6 2 32
CD2011001923 201 8.3 1 14
CD2011001924 201 8.3 1 16
CD2011001925 201 7.9 1 19
CD2011001927 201 6.6 2 32
CD2011001929 201 8.7 2 32
CD2011001930 201 9.2 1 15
CD2011001931 201 5.8 1 18
CD2011001934 201 9.6 2 32
CD2011002123 202 8.3 1 28
CD2011002135 202 7.8 1 21
CD2011002141 202 6.5 1 23
CD2011002142 202 7.7 1 14
CD2011002145 202 5.8 1 27
CD2011002147 202 8.4 1 28
CD2011002353 203 5 2 32
CD2011002358 203 7.5 1 13
CD2011002359 203 7.2 1 17
CD2011002360 203 6.2 1 30
CD2011002361 203 6.1 1 18
CD2011002363 203 7.1 2 32
CD2011002365 203 5.4 1 17
CD2011002366 203 6.6 1 17
CD2011002367 203 6.1 1 22
CD2011002573 202 7.1 1 22
CD2011002574 202 7.2 1 24
CD2011002575 202 6.3 1 17
CD2011002577 202 6.7 2 32
CD2011002578 202 5.6 1 26
CD2011002580 202 6.3 1 21
CD2011002581 202 6.4 1 31
CD2011002584 202 6.5 2 32
CD2011002784 202 7.3 1 11
CD2011002786 202 5.5 1 19
CD2011002787 202 8.5 1 13
CD2011002791 202 7.1 1 13
CD2011002793 202 8 1 14
CD2011002795 202 6.7 1 13
CD2011002802 202 7.8 1 17
CD2011002803 202 6.2 1 13
CD2011003012 202 7.6 1 26
CD2011003013 202 6.7 2 32
CD2011003018 202 7.6 1 18
CD2011003026 202 7.1 2 32
CD2011003027 202 9.7 2 32
CD2011003036 202 6.9 2 32
CD2011003218 202 7 1 16
CD2011003221 202 5.6 1 17
CD2011003222 202 7.2 1 13
CD2011003223 202 7.2 1 19
CD2011003224 202 8.6 1 18
CD2011003225 202 5.8 1 22
CD2011003226 202 5.4 1 21
CD2011003227 202 6.2 1 15
CD2011003228 202 6.8 1 19
CD2011003433 202 9.5 1 20
CD2011003448 202 9 2 32
CD2011003451 202 7.3 1 14
CD2011003454 202 6.4 1 15
CD2011003460 202 6.5 2 32
CD2011003461 202 7.6 1 13
CD2011003466 202 6.7 1 13
CD2011003470 202 7.4 2 32
CD2011003656 202 6.5 1 16
CD2011003658 202 8.2 1 11
CD2011003662 202 6.6 2 32
CD2011003663 202 8.2 2 32
CD2011003664 202 8 1 12
CD2011003665 202 7 2 32
CD2011003666 202 8.5 1 23
CD2011003667 202 7.3 1 18
CD2011003875 202 8.4 1 17
CD2011003878 202 6 1 20
CD2011003882 202 6.1 1 16
CD2011003883 202 6.8 1 25
CD2011003885 202 7.3 1 11
CD2011003887 202 7 1 22
CD2011003888 202 5.9 1 14
CD2011003889 202 6.5 1 15
CD2011003892 202 6.6 1 25
CD2011003901 202 6.3 1 14
CD2011003902 202 7.3 2 32
CD2011004088 203 8.4 1 18
CD2011004089 203 9.3 1 22
CD2011004091 203 9.7 1 28
CD2011004092 203 7.7 2 32
CD2011004093 203 7.4 1 13
CD2011004095 203 6.8 1 18
CD2011004097 203 7.1 1 15
CD2011004098 203 5.9 1 12
CD2011004099 203 8.6 2 32
CD2011004306 194 7.6 1 28
CD2011004308 194 7.2 1 14
CD2011004309 194 5.9 1 12
CD2011004310 194 7 1 14
CD2011004313 194 5.6 1 12
CD2011004316 194 7.7 1 11
CD2011004317 194 7.5 1 15
CD2011004524 203 6.8 1 11
CD2011004525 203 7 1 12
CD2011004529 203 6 1 10
CD2011004530 203 6.7 1 15
CD2011004531 203 6.8 1 11
CD2011004532 203 5.2 1 14
CD2011004534 203 8.4 1 15
CD2011004735 204 7.9 1 16
CD2011004748 204 6.7 1 14
CD2011004749 204 7.4 2 32
CD2011004757 204 7.8 1 10
CD2011004760 204 9.4 2 32
CD2011004762 204 6.4 1 18
CD2011004765 204 6.2 1 26
CD2011004958 204 6.6 2 32
CD2011004961 204 6 1 20
CD2011004962 204 7.5 2 32
CD2011004965 204 5.1 1 15
CD2011004966 204 5.8 1 15
CD2011004968 204 6.3 2 32
CD2011004969 204 6.3 1 14
CD2011004970 204 5.9 1 14
CD2011005189 203 6.2 1 23
CD2011005190 203 6 1 16
CD2011005192 203 5.9 1 14
CD2011005193 203 5.9 2 32
CD2011005194 203 6.2 1 21
CD2011005195 203 6.7 1 18
CD2011005200 203 6.9 1 21
CD2011005204 203 7.5 1 24
CD2011005392 204 6.8 1 18
CD2011005393 204 7.1 1 6
CD2011005394 204 7.6 2 32
CD2011005397 204 8.1 1 22
CD2011005402 204 7.6 1 23
CD2011005403 204 8.5 2 32
CD2011005404 204 7.2 2 32
CD2011005607 204 7.2 2 32
CD2011005608 204 8.6 2 32
CD2011005609 204 8.5 2 32
CD2011005612 204 6.3 2 32
CD2011005613 204 8.1 1 20
CD2011005615 204 5.7 2 32
CD2011005620 204 8.3 2 32
CD2011005833 204 10.5 1 15
CD2011005835 204 7.1 1 16
CD2011005838 204 6.5 1 12
CD2011005842 204 9.9 1 13
CD2011005844 204 9.5 2 32
CD2011005845 204 7.3 1 11
CD2011005847 204 9.7 1 15
CD2011005979 205 6.5 1 24
CD2011006055 205 7.4 1 24
CD2011006056 205 8 1 23
CD2011006058 205 8 1 28
CD2011006060 205 6.4 1 15
CD2011006064 205 8.5 2 32
CD2011006254 205 6.7 1 12
CD2011006255 205 8.2 2 32
CD2011006260 205 8.3 1 29
CD2011006261 205 9.6 1 27
CD2011006262 205 7.5 1 30
CD2011006264 205 5.7 1 21
CD2011006475 204 8.4 1 13
CD2011006476 204 8 1 17
CD2011006478 204 6.6 1 11
CD2011006480 204 9.5 2 32
CD2011006481 204 9.9 1 23
CD2011006482 204 6.2 1 13
CD2011006484 204 5.2 1 10
CD2011006485 204 6.1 1 12
CD2011006702 204 6.6 2 32
CD2011006704 204 7.3 1 10
CD2011006705 204 8.3 1 13
CD2011006707 204 8.9 1 15
CD2011006708 204 7.2 1 17
CD2011006710 204 10.5 2 32
CD2011006711 204 6.5 1 28
CD2011006712 204 8.7 1 13
CD2011006918 205 6 1 10
CD2011006920 205 5.9 1 10
CD2011006921 205 6.8 1 14
CD2011006928 205 7.8 1 8
CD2011006933 205 7.4 1 11
CD2011007131 196 8.2 1 13
CD2011007132 196 6.8 1 14
CD2011007135 196 7.6 1 23
CD2011007138 196 7 1 12
CD2011007139 196 8.7 1 11
CD2011007142 196 7.8 2 32
CD2011007143 196 6.7 1 13
CD2011007144 196 8.6 1 12
CD2011007145 196 6.1 1 14
CD2011007346 196 5.3 1 27
CD2011007347 196 7.5 1 18
CD2011007348 196 7.5 2 32
CD2011007350 196 8.5 1 24
CD2011007352 196 8.3 1 10
CD2011007354 196 7.4 1 11
CD2011007355 196 7.9 1 24
CD2011007358 196 7.3 2 32
CD2011007568 206 7.3 2 32
CD2011007569 206 11.4 1 27
CD2011007573 206 6.8 2 32
CD2011007574 206 8.1 1 30
CD2011007578 206 7.5 1 14
CD2011007581 206 6.8 2 32
CD2011007587 206 6.6 2 32
CD2011007588 206 7.2 2 32
CD2011007589 206 6.8 1 11
CD2011007780 205 6.9 1 23
CD2011007782 205 8.1 2 32
CD2011007783 205 7.7 2 32
CD2011007784 205 7 2 32
CD2011007788 205 7.7 2 32
CD2011007791 205 6.5 2 32
CD2011007792 205 8.1 2 32
CD2011007794 205 6.4 1 16
CD2011007991 205 5.8 1 14
CD2011007992 205 5.4 2 32
CD2011007995 205 5.7 1 16
CD2011007997 205 4.8 1 17
CD2011007998 205 5.2 1 14
CD2011008000 205 7.1 1 12
CD2011008005 205 6.6 1 29
CD2011008211 206 7.3 1 15
CD2011008212 206 7 1 15
CD2011008213 206 9.3 1 8
CD2011008215 206 9.3 2 32
CD2011008216 206 9 1 17
CD2011008217 206 7.5 1 23
CD2011008218 206 9.4 2 32
CD2011008219 206 8.2 1 12
CD2011008220 206 8.6 2 32
CD2011008429 205 7.2 1 16
CD2011008440 205 7.8 1 18
CD2011008442 205 7.7 1 16
CD2011008446 205 8 1 27
CD2011008447 205 7.6 1 31
CD2011008450 205 6.6 1 19
CD2011008456 205 8.4 1 15
CD2011008457 205 8.8 2 32
CD2011008640 205 6.4 2 32
CD2011008642 205 7.4 1 13
CD2011008643 205 8.2 1 21
CD2011008644 205 7 1 21
CD2011008645 205 7.1 1 24
CD2011008646 205 7 1 20
CD2011008648 205 7.1 2 32
CD2011008649 205 6.8 1 19
CD2011008652 205 7.2 1 12
CD2011008654 205 7.4 2 32
CD2011008862 205 7.4 2 32
CD2011008867 205 7 2 32
CD2011008871 205 6.2 2 32
CD2011008872 205 6 1 24
CD2011008874 205 7.6 1 16
CD2011008877 205 6.5 1 14
CD2011008878 205 7.9 1 12
CD2011009011 207 5.4 1 13
CD2011009088 207 5.2 1 14
CD2011009093 207 7.4 1 11
CD2011009096 207 7 1 21
CD2011009099 207 6.2 1 15
CD2011009100 207 8.4 1 18
CD2011009101 207 8.1 2 32
CD2011009290 207 7.4 2 32
CD2011009292 207 6.4 1 15
CD2011009293 207 6.8 2 32
CD2011009294 207 10 1 24
CD2011009296 207 8.4 1 14
CD2011009302 207 7.7 2 32
CD2011009303 207 6.3 2 32
CD2011009513 206 7.3 1 20
CD2011009514 206 6.3 1 15
CD2011009521 206 8 1 28
CD2011009525 206 7.5 2 32
CD2011009534 206 6.7 1 28
CD2011009535 206 7 2 32
CD2011009735 206 5.7 1 19
CD2011009736 206 4.9 1 13
CD2011009738 206 6 2 32
CD2011009740 206 6.9 1 14
CD2011009746 206 6 2 32
CD2011009747 206 6.3 1 14
CD2011009749 206 5.7 1 19
CD2011009750 206 6.2 2 32
CD2011009951 206 7.7 1 16
CD2011009953 206 5.4 1 10
CD2011009957 206 6.7 1 17
CD2011009958 206 8.8 1 18
CD2011009959 206 6.5 2 32
CD2011009961 206 8.9 2 32
CD2011009962 206 5.7 1 15
CD2011009963 206 8 1 15
CD2011010159 207 6.4 1 28
CD2011010161 207 8 2 32
CD2011010162 207 8.4 1 14
CD2011010165 207 7.4 1 13
CD2011010166 207 7.2 2 32
CD2011010167 207 8.7 1 26
CD2011010169 207 7.3 1 20
CD2011010170 207 8 2 32
CD2011010384 206 6.9 1 29
CD2011010387 206 8.7 1 23
CD2011010388 206 8.4 1 20
CD2011010389 206 5.6 1 18
CD2011010390 206 6.9 1 16
CD2011010391 206 7.2 1 30
CD2011010393 206 6 2 32
CD2011010397 206 7.5 1 14
CD2011010398 206 7.9 1 22
CD2011010607 198 7 1 20
CD2011010608 198 6.1 1 15
CD2011010616 198 5 1 20
CD2011010619 198 8.5 2 32
CD2011010622 198 5.2 1 18
CD2011010813 207 9.3 1 13
CD2011010814 207 5.2 1 18
CD2011010815 207 6 1 17
CD2011010817 207 9 2 32
CD2011010819 207 8.4 1 25
CD2011010820 207 7.6 2 32
CD2011010821 207 6.7 2 32
CD2011010822 207 8.3 2 32
CD2011011037 207 6.4 2 32
CD2011011038 207 6.6 1 13
CD2011011039 207 7 1 13
CD2011011042 207 7.1 2 32
CD2011011043 207 7.7 1 20
CD2011011044 207 10.1 2 32
CD2011011045 207 9 2 32
CD2011011048 207 6.9 2 32
CD2011011248 207 6.3 2 32
CD2011011250 207 7 1 18
CD2011011252 207 6.2 1 28
CD2011011253 207 6.2 2 32
CD2011011254 207 6.5 1 11
CD2011011256 207 8.2 2 32
CD2011011258 207 6.8 1 15
CD2011011259 207 7.2 1 23
CD2011011464 207 7.7 2 32
CD2011011470 207 7.3 1 18
CD2011011471 207 8 2 32
CD2011011473 207 6.4 1 18
CD2011011476 207 10.2 2 32
CD2011011478 207 10.4 2 32
CD2011011479 207 8.3 2 32
CD2011011481 207 9.4 2 32
CD2011011678 196 6.1 1 18
CD2011011679 196 5.8 1 16
CD2011011680 196 5.3 1 12
CD2011011681 196 7 1 14
CD2011011682 196 7.2 1 15
CD2011011683 196 6.1 1 21
CD2011011684 196 8.1 2 32
CD2011011693 196 6.5 1 21
CD2011011694 196 6.5 1 18
CD2011011898 198 8.6 2 32
CD2011011900 198 7.9 2 32
CD2011011901 198 6.2 2 32
CD2011011903 198 6.2 2 32
CD2011011904 198 8.4 2 32
CD2011011905 198 9.5 2 32
CD2011011906 198 5.9 2 32
CD2011011910 198 6.7 2 32
CD2011011911 198 8.7 2 32
CD2011012111 196 7.5 1 23
CD2011012112 196 7.9 1 13
CD2011012113 196 7.1 1 24
CD2011012114 196 6.9 2 32
CD2011012118 196 6.2 1 18
CD2011012121 196 7.4 1 12
CD2011012123 196 7.2 1 20
CD2011012126 196 7.2 1 10
CD2011012329 208 8.1 1 12
CD2011012331 208 7.4 2 32
CD2011012334 208 9 2 32
CD2011012335 208 9.2 1 14
CD2011012337 208 7.5 1 23
CD2011012338 208 6.5 1 30
CD2011012339 208 8.5 2 32
CD2011012340 208 7.4 2 32
CD2011012341 208 7 2 32
CD2011012554 197 6.5 2 32
CD2011012556 197 5.6 2 32
CD2011012557 197 7.1 2 32
CD2011012559 197 5.7 1 27
CD2011012561 197 6.9 1 20
CD2011012562 197 7.3 2 32
CD2011012567 197 8.2 1 26
CD2011012569 197 8 2 32
CD2011012759 199 6.8 2 32
CD2011012761 199 5.7 2 32
CD2011012763 199 6.2 2 32
CD2011012765 199 6.1 2 32
CD2011012769 199 5.1 2 32
CD2011012982 208 5.4 1 28
CD2011012984 208 6.6 1 29
CD2011012986 208 4.6 2 32
CD2011012993 208 6.9 2 32
CD2011012994 208 6.6 2 32
CD2011012995 208 6.7 1 14
CD2011012996 208 7.1 1 13
CD2011012997 208 6.3 1 14
CD2011012998 208 7.2 1 14
CD2011013195 208 6.4 1 29
CD2011013196 208 8 1 19
CD2011013198 208 8.6 1 17
CD2011013199 208 7.2 1 24
CD2011013200 208 8.3 1 14
CD2011013202 208 7.5 1 27
CD2011013204 208 9.6 2 32
CD2011013205 208 7.9 1 14
CD2011013414 208 7 1 10
CD2011013415 208 7.1 2 32
CD2011013417 208 7.2 2 32
CD2011013418 208 7 2 32
CD2011013419 208 7.7 2 32
CD2011013421 208 7.8 2 32
CD2011013422 208 9 1 14
CD2011013423 208 7.3 1 12
CD2011013428 208 7.4 2 32
CD2011013633 209 6.3 2 32
CD2011013637 209 7.4 1 14
CD2011013638 209 6.8 1 18
CD2011013640 209 8.4 2 32
CD2011013641 209 7.2 2 32
CD2011013642 209 6.8 1 14
CD2011013643 209 5.8 1 16
CD2011013644 209 6.5 2 32
CD2011013646 209 5.5 1 25
CD2011013845 210 7.9 1 20
CD2011013849 210 6.4 1 14
CD2011013850 210 8.1 2 32
CD2011013852 210 8.5 2 32
CD2011013855 210 9.7 1 19
CD2011013857 210 6.7 2 32
CD2011013859 210 6.8 1 27
CD2011014062 198 6.4 2 32
CD2011014064 198 7.8 1 15
CD2011014065 198 7.2 1 22
CD2011014066 198 8.5 1 28
CD2011014068 198 5 1 20
CD2011014069 198 7.4 1 22
CD2011014073 198 8.1 1 27
CD2011014075 198 8.2 2 32
CD2011014076 198 6.1 1 13
CD2011014283 209 7.4 1 13
CD2011014284 209 6.9 1 13
CD2011014286 209 7.5 1 26
CD2011014287 209 6.9 1 14
CD2011014288 209 6.2 1 11
CD2011014289 209 7.1 1 24
CD2011014290 209 7.6 1 13
CD2011014501 200 7.9 2 32
CD2011014502 200 7 2 32
CD2011014508 200 7.4 2 32
CD2011014512 200 5.9 2 32
CD2011014514 200 6.8 2 32
CD2011014515 200 7.2 1 29
CD2011014518 200 7.1 2 32
CD2011014716 200 7.5 2 32
CD2011014717 200 5.8 1 11
CD2011014720 200 6.3 1 15
CD2011014721 200 5.8 1 23
CD2011014722 200 7.9 2 32
CD2011014723 200 6.6 1 30
CD2011014725 200 7.8 1 26
CD2011014726 200 7.7 1 16
CD2011014927 198 8.5 2 32
CD2011014929 198 7.1 2 32
CD2011014930 198 7 1 29
CD2011014931 198 8.4 2 32
CD2011014933 198 5.8 2 32
CD2011014935 198 5.5 2 32
CD2011014936 198 5.6 2 32
CD2011015139 200 8.9 2 32
CD2011015141 200 7.4 2 32
CD2011015142 200 6.5 2 32
CD2011015144 200 6.4 2 32
CD2011015153 200 7.5 2 32
CD2011015154 200 7.8 2 32
CD2011015360 210 7.5 2 32
CD2011015365 210 6.9 1 30
CD2011015366 210 6.5 2 32
CD2011015369 210 6 1 26
CD2011015371 210 5 1 12
CD2011015374 210 6.2 1 19
CD2011015375 210 7.2 1 13
CD2011015376 210 8.6 1 28
CD2011015575 201 6 2 32
CD2011015577 201 6.4 1 12
CD2011015580 201 6.3 1 12
CD2011015585 201 6.7 1 28
CD2011015588 201 7.6 2 32
CD2011015589 201 6.5 1 11
CD2011015591 201 6.1 1 29
CD2011015593 201 4.1 2 32
CD2011015803 211 5.6 2 32
CD2011015804 211 7.3 2 32
CD2011015807 211 5.7 1 14
CD2011015811 211 5.7 1 21
CD2011015814 211 5.9 1 14
CD2011015815 211 6 1 17
CD2011015816 211 6.1 1 20
CD2011015817 211 6.5 1 15
CD2011016015 199 5.3 1 19
CD2011016016 199 5.8 1 27
CD2011016019 199 6.7 1 27
CD2011016021 199 5.8 1 11
CD2011016022 199 5.8 1 12
CD2011016023 199 6.3 1 15
CD2011016027 199 5.7 1 25
CD2011016028 199 6 2 32
CD2011016029 199 7 1 19
CD2011016204 210 7.1 1 14
CD2011016228 210 5.2 2 32
CD2011016236 210 6.4 1 17
CD2011016240 210 6.8 1 12
CD2011016241 210 5.9 1 18
CD2011016244 210 6.8 1 15
CD2011016248 210 7.7 2 32
CD2011016262 210 8.9 1 21
CD2011016452 210 5.9 1 18
CD2011016453 210 6.2 2 32
CD2011016457 210 8.3 1 16
CD2011016463 210 7.8 1 19
CD2011016468 210 4.8 1 12
CD2011016470 210 6.2 1 15
CD2011016669 210 5.5 1 20
CD2011016671 210 7.2 2 32
CD2011016673 210 7.5 2 32
CD2011016674 210 7.4 1 13
CD2011016676 210 7.6 2 32
CD2011016677 210 8.8 1 26
CD2011016680 210 5.9 1 15
CD2011016692 210 5.9 1 14
CD2011016883 199 7.6 1 11
CD2011016885 199 8.2 1 12
CD2011016890 199 9.5 1 16
CD2011016894 199 8.2 1 11
CD2011016897 199 8 2 32
CD2011016899 199 7.4 1 14
CD2011016900 199 7.5 1 11
CD2011016902 199 6.9 1 11
CD2011017085 214 7.9 2 32
CD2011017096 214 5.6 1 20
CD2011017097 214 6.1 2 32
CD2011017098 214 7.4 2 32
CD2011017099 214 7.9 1 15
CD2011017102 214 6.1 1 14
CD2011017320 213 6 2 32
CD2011017321 213 8.5 1 26
CD2011017322 213 7.3 2 32
CD2011017329 213 7 1 20
CD2011017330 213 7.1 2 32
CD2011017331 213 6.4 1 15
CD2011017332 213 7.4 2 32
CD2011017334 213 7.2 1 28
CD2011017336 213 6.2 1 16
CD2011017534 214 9 1 24
CD2011017536 214 6.3 2 32
CD2011017537 214 5.9 1 26
CD2011017538 214 6.2 1 13
CD2011017539 214 6.6 2 32
CD2011017543 214 7.9 2 32
CD2011017544 214 7.4 2 32
CD2011017545 214 7.6 1 20
CD2011017548 214 7.3 2 32
CD2011017746 214 7 1 30
CD2011017748 214 6.7 1 14
CD2011017751 214 6.7 1 15
CD2011017753 214 6.9 1 18
CD2011017759 214 6.5 1 12
CD2011017761 214 7.3 1 19
CD2011017762 214 7.9 1 13
CD2011017966 203 5.9 1 28
CD2011017972 203 7.2 1 17
CD2011017976 203 5.8 1 17
CD2011017980 203 8 2 32
CD2011017982 203 7.5 2 32
CD2011017987 203 6.9 1 15
CD2011017988 203 5.4 2 32
CD2011018179 203 5.7 2 32
CD2011018180 203 6.9 2 32
CD2011018181 203 5.9 1 11
CD2011018185 203 6 1 19
CD2011018186 203 7.6 1 18
CD2011018187 203 7.1 1 22
CD2011018188 203 6.4 2 32
CD2011018189 203 8.5 2 32
CD2011018400 205 4.9 2 32
CD2011018403 205 6.4 2 32
CD2011018407 205 5.9 1 15
CD2011018413 205 7.2 2 32
CD2011018414 205 8.6 2 32
CD2011018418 205 5.1 2 32
CD2011018617 203 7.1 2 32
CD2011018618 203 6.2 2 32
CD2011018620 203 7.3 1 12
CD2011018621 203 7.9 2 32
CD2011018622 203 7.5 2 32
CD2011018623 203 7.5 1 18
CD2011018624 203 9.3 1 23
CD2011018625 203 6.6 1 23
CD2011018628 203 8.3 2 32
CD2011018834 205 5.7 1 12
CD2011018842 205 6.9 1 27
CD2011018846 205 6.8 2 32
CD2011018847 205 6.2 2 32
CD2011018849 205 6 1 30
CD2011018858 205 5.6 2 32
CD2011019057 203 6.1 1 27
CD2011019062 203 6.5 1 29
CD2011019064 203 6.8 2 32
CD2011019069 203 5.9 1 31
CD2011019071 203 5.3 1 18
CD2011019072 203 8.5 2 32
CD2011019074 203 7 1 14
CD2011019075 203 7.6 2 32
CD2011019278 214 5.6 2 32
CD2011019281 214 6.8 1 18
CD2011019283 214 7.4 1 15
CD2011019284 214 5.5 1 27
CD2011019287 214 8.2 1 17
CD2011019288 214 5.8 1 17
CD2011019289 214 6.6 1 13
CD2011019291 214 5.7 1 12
CD2011019492 206 8.2 2 32
CD2011019493 206 6.5 1 23
CD2011019495 206 6.9 1 12
CD2011019496 206 5.9 1 23
CD2011019497 206 6.4 2 32
CD2011019499 206 6.1 1 11
CD2011019500 206 7.8 2 32
CD2011019501 206 6.7 2 32
CD2011019695 204 6.3 2 32
CD2011019696 204 4.6 2 32
CD2011019698 204 6.3 2 32
CD2011019699 204 6.5 2 32
CD2011019700 204 7.1 2 32
CD2011019701 204 6.9 2 32
CD2011019702 204 6.4 1 16
CD2011019703 204 7.4 2 32
CD2011019704 204 7.4 1 27
CD2011019917 206 7.7 2 32
CD2011019918 206 6.3 1 19
CD2011019919 206 6.9 1 30
CD2011019920 206 6.8 1 23
CD2011019938 206 7 1 16
CD2011020133 206 5.4 2 32
CD2011020134 206 6.1 1 14
CD2011020136 206 7.2 1 27
CD2011020137 206 6.1 1 11
CD2011020141 206 6.4 1 20
CD2011020143 206 7.7 2 32
CD2011020144 206 6.4 2 32
CD2011020145 206 7.1 2 32
CD2011020146 206 7.2 2 32
CD2011020352 204 5.8 2 32
CD2011020353 204 5.6 2 32
CD2011020354 204 6.2 1 16
CD2011020355 204 5.9 1 12
CD2011020356 204 6.3 2 32
CD2011020357 204 6 1 14
CD2011020360 204 7.4 1 14
CD2011020361 204 7 2 32
CD2011020366 204 5.1 1 20
CD2011020575 206 6.5 1 25
CD2011020576 206 7.3 2 32
CD2011020578 206 5.3 1 18
CD2011020581 206 6.1 1 25
CD2011020583 206 5.7 1 11
CD2011020584 206 8.5 2 32
CD2011020591 206 6.1 2 32
CD2011020599 206 5.4 2 32
CD2011020786 206 8.2 2 32
CD2011020791 206 8 2 32
CD2011020792 206 7.5 1 14
CD2011020795 206 6.6 1 12
CD2011020798 206 9.7 1 18
CD2011020799 206 7.7 2 32
CD2011020800 206 8.1 1 17
CD2011020801 206 5.3 1 11
CD2011021001 205 6.4 1 14
CD2011021003 205 7.5 1 13
CD2011021004 205 5.4 2 32
CD2011021005 205 8 1 15
CD2011021006 205 6.3 1 11
CD2011021008 205 5 1 14
CD2011021010 205 5.2 1 11
CD2011021012 205 7.4 1 12
CD2011021013 205 5.5 1 25
CD2011021211 205 4.5 1 11
CD2011021212 205 4.3 1 25
CD2011021213 205 4.7 1 14
CD2011021216 205 5.6 1 13
CD2011021218 205 5 1 18
CD2011021219 205 5.8 1 14
CD2011021222 205 4.5 1 19
CD2011021223 205 5 1 12
CD2011021429 207 6.6 1 19
CD2011021430 207 5.3 1 23
CD2011021431 207 6.9 2 32
CD2011021437 207 8 2 32
CD2011021439 207 6.5 2 32
CD2011021441 207 6 2 32
CD2011021443 207 7.6 2 32
CD2011021651 207 5 2 32
CD2011021653 207 6.7 2 32
CD2011021654 207 5 1 28
CD2011021655 207 4.8 2 32
CD2011021656 207 5.6 1 28
CD2011021658 207 5.4 1 15
CD2011021661 207 4.8 1 23
CD2011021662 207 5.2 1 21
CD2011021872 205 5.2 1 17
CD2011021873 205 5.5 1 15
CD2011021876 205 5.1 2 32
CD2011021878 205 4.4 2 32
CD2011021883 205 5.1 2 32
CD2011021884 205 5.9 2 32
CD2011021887 205 6.5 2 32
CD2011022088 207 6.9 2 32
CD2011022091 207 7.5 1 10
CD2011022092 207 5.1 1 17
CD2011022093 207 4.5 1 18
CD2011022098 207 6.4 1 14
CD2011022099 207 6 1 15
CD2011022100 207 5.8 1 16
CD2011022103 207 6 1 25
CD2011022300 208 5.9 1 13
CD2011022308 208 5.2 1 14
CD2011022310 208 6.3 1 18
CD2011022311 208 7.4 1 24
CD2011022312 208 6.5 1 27
CD2011022313 208 7.4 1 16
CD2011022517 208 5.3 2 32
CD2011022526 208 5.1 2 32
CD2011022527 208 6.3 2 32
CD2011022530 208 4.3 2 32
CD2011022532 208 5.5 1 17
CD2011022731 208 5.1 2 32
CD2011022733 208 6.2 1 28
CD2011022736 208 5.9 1 21
CD2011022737 208 6.6 1 22
CD2011022738 208 5.6 1 23
CD2011022743 208 6.1 1 17
CD2011022744 208 5.6 1 23
CD2011022745 208 5.4 1 19
CD2011022751 208 6.3 1 22
CD2011022955 208 6 2 32
CD2011022956 208 5.8 1 24
CD2011022959 208 5.7 1 15
CD2011022960 208 6.3 1 14
CD2011022963 208 6.7 1 24
CD2011022965 208 5.4 2 32
CD2011022966 208 4.9 2 32
CD2011022968 208 6.6 1 27
CD2011000185 200 8.8 1 30
CD2011000350 200 7.6 1 23
CD2011000420 200 10.2 1 20
CD2011000429 200 8.2 1 18
CD2011000430 200 7 1 14
CD2011000431 200 8.9 1 15
CD2011000432 200 6.8 1 14
CD2011000434 200 6.7 2 32
CD2011000626 201 7 2 32
CD2011000631 201 8.2 2 32
CD2011000634 201 8.8 2 32
CD2011000641 201 7.3 2 32
CD2011000644 201 6.8 2 32
CD2011000646 201 7.4 1 20
CD2011000797 200 9.7 1 14
CD2011000834 200 8 1 15
CD2011000850 200 7.6 1 26
CD2011000851 200 6.2 1 25
CD2011000855 200 6.7 1 17
CD2011000863 200 8.7 2 32
CD2011001068 191 7.5 1 12
CD2011001070 191 7.4 1 15
CD2011001071 191 7.8 1 18
CD2011001074 191 6.1 2 32
CD2011001078 191 6.8 1 15
CD2011001079 191 6 1 10
CD2011001080 191 7.3 1 12
CD2011001206 202 6.2 1 18
CD2011001211 202 6.1 1 20
CD2011001212 202 6.4 2 32
CD2011001213 202 5 1 20
CD2011001271 202 11.2 2 32
CD2011001291 202 6.6 2 32
CD2011001420 201 6.9 1 18
CD2011001422 201 8.4 1 22
CD2011001424 201 6.9 1 18
CD2011001428 201 8.4 1 13
CD2011001511 201 7.7 1 10
CD2011001512 201 8.6 2 32
CD2011001515 201 7.1 1 11
CD2011001638 201 8.2 2 32
CD2011001642 201 9.2 1 27
CD2011001710 201 8.7 2 32
CD2011001712 201 7.6 1 23
CD2011001720 201 7.2 1 11
CD2011001724 201 8.1 2 32
CD2011001729 201 6.9 1 21
CD2011001733 201 6.1 1 12
CD2011001935 201 8.4 1 18
CD2011001936 201 7.3 2 32
CD2011001937 201 9.4 2 32
CD2011001941 201 8 1 24
CD2011001945 201 7 1 14
CD2011001946 201 8.4 1 18
CD2011001947 201 9.2 2 32
CD2011001949 201 8.5 1 12
CD2011001950 201 9.6 2 32
CD2011001952 201 9.2 1 10
CD2011002074 202 6.9 1 18
CD2011002076 202 7.7 1 14
CD2011002156 202 6.8 1 29
CD2011002157 202 7.9 1 12
CD2011002159 202 6.1 1 14
CD2011002163 202 5.2 2 32
CD2011002368 203 5.8 2 32
CD2011002369 203 6.3 1 16
CD2011002370 203 6.6 1 20
CD2011002371 203 5.4 2 32
CD2011002372 203 5.8 1 14
CD2011002376 203 7.8 2 32
CD2011002379 203 6.9 2 32
CD2011002380 203 4.5 1 27
CD2011002585 202 6.6 1 30
CD2011002587 202 7.8 1 17
CD2011002593 202 7.6 1 15
CD2011002599 202 6.2 2 32
CD2011002600 202 8.4 1 17
CD2011002602 202 5.7 1 18
CD2011002721 202 7 1 14
CD2011002722 202 8.3 1 13
CD2011002805 202 6.2 1 23
CD2011002807 202 6.4 1 12
CD2011002815 202 7.8 1 12
CD2011002819 202 7.9 1 13
CD2011002820 202 7.8 1 16
CD2011002939 202 7.8 1 24
CD2011002942 202 7.6 2 32
CD2011002993 202 6.3 2 32
CD2011003014 202 8.8 1 16
CD2011003028 202 6.4 1 18
CD2011003031 202 8.8 2 32
CD2011003229 202 5.4 1 21
CD2011003230 202 8.2 1 24
CD2011003231 202 8.4 1 16
CD2011003240 202 6.7 1 11
CD2011003242 202 7.6 1 21
CD2011003244 202 7.4 1 27
CD2011003245 202 6.4 1 15
CD2011003248 202 7.4 1 10
CD2011003375 202 6.7 1 11
CD2011003379 202 6.6 1 22
CD2011003380 202 5.8 1 13
CD2011003383 202 5.9 1 12
CD2011003384 202 6.4 1 11
CD2011003447 202 9 1 14
CD2011003670 202 7.3 1 19
CD2011003675 202 8 1 21
CD2011003678 202 5.9 1 21
CD2011003680 202 7.1 2 32
CD2011003681 202 6.9 1 15
CD2011003683 202 7.3 2 32
CD2011003685 202 7 1 23
CD2011003687 202 6.7 1 11
CD2011003825 202 6.9 1 30
CD2011003858 202 6.6 1 11
CD2011003886 202 7 2 32
CD2011003893 202 6.1 1 11
CD2011003895 202 7.7 1 14
CD2011003898 202 6.8 1 11
CD2011003899 202 5.5 1 18
CD2011003904 202 6.6 2 32
CD2011004101 203 7.8 1 15
CD2011004102 203 7.6 2 32
CD2011004103 203 6.2 1 19
CD2011004105 203 7.1 1 14
CD2011004109 203 8.1 1 18
CD2011004113 203 8 1 18
CD2011004114 203 8.3 2 32
CD2011004115 203 8.1 2 32
CD2011004119 203 7.3 1 22
CD2011004319 194 9 1 19
CD2011004322 194 8.1 1 15
CD2011004323 194 8.5 1 19
CD2011004324 194 6.8 1 15
CD2011004325 194 6.6 1 12
CD2011004328 194 7.9 1 11
CD2011004329 194 7.2 1 14
CD2011004330 194 8.2 1 12
CD2011004536 203 8.3 1 12
CD2011004537 203 7.9 1 14
CD2011004539 203 7.6 2 32
CD2011004540 203 9.2 1 10
CD2011004541 203 8.4 1 13
CD2011004544 203 9.7 1 14
CD2011004546 203 6.2 1 12
CD2011004674 204 8 2 32
CD2011004677 204 6.2 1 20
CD2011004692 204 6.5 1 18
CD2011004693 204 6.9 1 22
CD2011004744 204 6.6 1 18
CD2011004771 204 7.8 1 18
CD2011004972 204 5.1 1 10
CD2011004974 204 6 1 16
CD2011004977 204 7.2 1 10
CD2011004979 204 7.3 1 21
CD2011004980 204 7.1 1 12
CD2011004982 204 7.4 1 11
CD2011004984 204 7.9 2 32
CD2011004986 204 6.8 2 32
CD2011005108 203 6.3 1 18
CD2011005109 203 6.5 1 11
CD2011005112 203 6.2 1 15
CD2011005113 203 6.1 2 32
CD2011005202 203 8.7 1 16
CD2011005203 203 6.6 1 13
CD2011005207 203 6.3 2 32
CD2011005405 204 6.3 1 20
CD2011005408 204 7.4 2 32
CD2011005411 204 7.1 1 29
CD2011005414 204 6.2 1 20
CD2011005415 204 7.3 1 15
CD2011005416 204 6.3 2 32
CD2011005417 204 7.7 1 14
CD2011005419 204 7.7 1 20
CD2011005622 204 7.7 1 17
CD2011005628 204 6.3 2 32
CD2011005633 204 7.6 2 32
CD2011005635 204 8 2 32
CD2011005640 204 7.2 2 32
CD2011005760 204 6.9 1 10
CD2011005761 204 8.4 1 15
CD2011005848 204 8.5 1 19
CD2011005851 204 7.1 1 15
CD2011005854 204 8.2 1 15
CD2011005856 204 8.5 1 13
CD2011005977 205 9.7 2 32
CD2011005992 205 7.4 1 23
CD2011006027 205 9.6 1 16
CD2011006039 205 8.8 2 32
CD2011006069 205 8.8 1 11
CD2011006265 205 8.6 1 29
CD2011006268 205 7 1 18
CD2011006271 205 8.4 2 32
CD2011006279 205 7.3 1 11
CD2011006281 205 6.5 1 17
CD2011006282 205 7.8 1 18
CD2011006487 204 9.2 1 23
CD2011006488 204 9.4 2 32
CD2011006489 204 8.5 1 12
CD2011006490 204 7.1 1 12
CD2011006495 204 6.9 1 14
CD2011006497 204 6.6 2 32
CD2011006498 204 5.7 2 32
CD2011006499 204 6.9 1 13
CD2011006501 204 5.1 2 32
CD2011006627 204 6.6 2 32
CD2011006628 204 8.4 1 18
CD2011006630 204 7.1 1 18
CD2011006713 204 8.3 1 12
CD2011006718 204 7.7 1 24
CD2011006721 204 7.8 1 22
CD2011006723 204 7.7 2 32
CD2011006726 204 7.8 2 32
CD2011006934 205 7.7 1 12
CD2011006936 205 7.5 2 32
CD2011006937 205 7.5 1 18
CD2011006941 205 5.7 1 11
CD2011006942 205 6.8 1 11
CD2011006943 205 8.3 1 14
CD2011007146 196 7.8 1 18
CD2011007149 196 6.6 1 19
CD2011007150 196 8.4 1 12
CD2011007153 196 7.5 1 11
CD2011007154 196 7.3 1 11
CD2011007155 196 8.8 1 19
CD2011007156 196 7.3 1 14
CD2011007158 196 8.8 1 11
CD2011007359 196 6.8 2 32
CD2011007360 196 5.2 2 32
CD2011007361 196 8.5 1 16
CD2011007363 196 7.9 1 12
CD2011007365 196 7.7 1 10
CD2011007366 196 6.2 1 15
CD2011007369 196 7.6 1 21
CD2011007370 196 7.2 2 32
CD2011007371 196 7.9 1 11
CD2011007494 206 7.4 2 32
CD2011007495 206 8.8 2 32
CD2011007496 206 9.1 2 32
CD2011007499 206 6.7 2 32
CD2011007500 206 8.6 1 11
CD2011007502 206 5.8 2 32
CD2011007592 206 7.8 2 32
CD2011007593 206 7.3 1 20
CD2011007713 205 6.1 2 32
CD2011007714 205 6.6 2 32
CD2011007716 205 7.5 2 32
CD2011007796 205 7.3 2 32
CD2011007798 205 7 1 18
CD2011007799 205 7.2 1 13
CD2011007801 205 8.1 2 32
CD2011007802 205 8.1 2 32
CD2011008006 205 7.6 1 11
CD2011008008 205 6.2 1 12
CD2011008012 205 6.7 1 24
CD2011008018 205 7.9 2 32
CD2011008019 205 7.3 1 20
CD2011008021 205 6.7 1 14
CD2011008221 206 6.7 1 11
CD2011008222 206 6.7 1 24
CD2011008224 206 8.7 1 10
CD2011008225 206 6.1 1 19
CD2011008228 206 6.4 1 18
CD2011008230 206 8 1 13
CD2011008231 206 6.4 2 32
CD2011008232 206 6.9 1 10
CD2011008360 205 6.8 1 13
CD2011008362 205 5.4 1 11
CD2011008363 205 7 2 32
CD2011008365 205 6.2 1 14
CD2011008366 205 8.6 1 14
CD2011008367 205 6.4 1 16
CD2011008369 205 6.5 1 18
CD2011008428 205 5.8 2 32
CD2011008656 205 5.1 1 11
CD2011008657 205 5.7 1 14
CD2011008658 205 7.6 1 18
CD2011008659 205 7.4 2 32
CD2011008660 205 8.4 1 22
CD2011008662 205 6.9 1 15
CD2011008663 205 7.3 1 14
CD2011008664 205 7.9 1 16
CD2011008665 205 6.9 1 19
CD2011008666 205 7.2 2 32
CD2011008879 205 10.3 2 32
CD2011008881 205 6.1 2 32
CD2011008882 205 5.2 1 10
CD2011008884 205 7.3 1 14
CD2011008885 205 5 1 11
CD2011008886 205 6.1 1 11
CD2011008888 205 8.7 1 14
CD2011008889 205 6.1 2 32
CD2011009012 207 5.4 1 18
CD2011009013 207 7.3 1 13
CD2011009019 207 5.4 1 16
CD2011009021 207 8.4 1 15
CD2011009023 207 7 1 16
CD2011009026 207 6.6 2 32
CD2011009027 207 5.8 1 12
CD2011009082 207 6.7 2 32
CD2011009103 207 5.2 1 19
CD2011009310 207 8.6 1 14
CD2011009314 207 7.1 1 16
CD2011009315 207 6.9 1 11
CD2011009316 207 7.1 2 32
CD2011009320 207 6.3 1 10
CD2011009324 207 6.9 2 32
CD2011009455 206 8.1 1 27
CD2011009528 206 6.8 1 23
CD2011009536 206 7.2 1 27
CD2011009538 206 7.6 1 17
CD2011009542 206 6.3 1 28
CD2011009543 206 6.4 1 20
CD2011009544 206 6.1 1 24
CD2011009663 206 5.4 1 15
CD2011009751 206 7.3 1 12
CD2011009752 206 5.3 2 32
CD2011009753 206 6.2 1 10
CD2011009754 206 7.1 1 10
CD2011009755 206 7.1 2 32
CD2011009756 206 6.6 1 15
CD2011009758 206 7 2 32
CD2011009761 206 5.1 2 32
CD2011009879 206 7.6 1 14
CD2011009964 206 7.3 2 32
CD2011009965 206 6.8 2 32
CD2011009966 206 6.6 2 32
CD2011009967 206 7.5 2 32
CD2011009969 206 8.2 1 22
CD2011009971 206 5.2 2 32
CD2011009977 206 5.4 1 15
CD2011009978 206 7.2 1 16
CD2011010175 207 6.6 1 20
CD2011010178 207 7.2 1 18
CD2011010179 207 7.6 2 32
CD2011010180 207 6.2 1 7
CD2011010181 207 8 2 32
CD2011010183 207 7.9 2 32
CD2011010189 207 5.9 1 22
CD2011010194 207 7.5 1 19
CD2011010400 206 7.8 1 19
CD2011010402 206 6.3 1 15
CD2011010404 206 7 2 32
CD2011010406 206 5.8 1 11
CD2011010407 206 9.5 2 32
CD2011010409 206 8.1 1 28
CD2011010410 206 7.3 1 14
CD2011010411 206 8 1 27
CD2011010412 206 7.2 1 18
CD2011010533 197 7.8 1 31
CD2011010534 197 6.8 1 15
CD2011010610 198 6.8 1 22
CD2011010621 198 6.5 1 26
CD2011010623 198 7.3 1 15
CD2011010624 198 6.8 1 13
CD2011010628 198 6.5 2 32
CD2011010828 207 6.2 2 32
CD2011010829 207 9.6 2 32
CD2011010830 207 6.8 2 32
CD2011010831 207 5.2 1 27
CD2011010832 207 5.8 2 32
CD2011010833 207 6 1 14
CD2011010834 207 6.9 2 32
CD2011010835 207 6.5 1 22
CD2011010839 207 5 2 32
CD2011011049 207 9.3 2 32
CD2011011051 207 7.4 1 18
CD2011011052 207 8.2 2 32
CD2011011053 207 7.9 1 18
CD2011011059 207 8.5 1 24
CD2011011060 207 9.2 1 31
CD2011011062 207 13.1 1 23
CD2011011063 207 8.9 2 32
CD2011011263 207 6 2 32
CD2011011266 207 6.9 2 32
CD2011011267 207 7 1 12
CD2011011268 207 6.2 2 32
CD2011011269 207 7.3 1 24
CD2011011270 207 6.1 1 15
CD2011011271 207 6.3 2 32
CD2011011272 207 5.1 2 32
CD2011011482 207 10.5 1 11
CD2011011483 207 8.6 2 32
CD2011011484 207 10.8 1 22
CD2011011487 207 7.7 1 15
CD2011011489 207 10.5 2 32
CD2011011491 207 5 1 11
CD2011011492 207 10.3 2 32
CD2011011494 207 8.1 2 32
CD2011011699 196 5.7 1 26
CD2011011701 196 5.7 1 13
CD2011011702 196 6.6 1 18
CD2011011703 196 7 1 18
CD2011011704 196 5.6 1 11
CD2011011706 196 7.4 1 15
CD2011011912 198 7.4 2 32
CD2011011916 198 9.9 2 32
CD2011011918 198 8.9 2 32
CD2011011919 198 8.5 2 32
CD2011011924 198 9.8 2 32
CD2011011926 198 8.3 2 32
CD2011011927 198 6.4 2 32
CD2011011928 198 8 2 32
CD2011012128 196 6.4 1 15
CD2011012130 196 6 1 21
CD2011012131 196 7 1 19
CD2011012132 196 7.1 1 21
CD2011012137 196 7.7 2 32
CD2011012138 196 6.4 2 32
CD2011012139 196 7.3 1 20
CD2011012140 196 6.4 1 18
CD2011012144 196 7.6 1 24
CD2011012342 208 6.6 2 32
CD2011012346 208 7 1 20
CD2011012347 208 6.9 1 15
CD2011012348 208 6.8 1 14
CD2011012349 208 5.7 1 11
CD2011012351 208 8.9 2 32
CD2011012354 208 5.6 2 32
CD2011012359 208 5 1 15
CD2011012571 197 5.6 2 32
CD2011012572 197 7.8 1 17
CD2011012574 197 7 2 32
CD2011012576 197 6.3 1 15
CD2011012577 197 7.4 2 32
CD2011012578 197 6.5 1 16
CD2011012579 197 6.6 2 32
CD2011012580 197 7 2 32
CD2011012770 199 4.6 2 32
CD2011012780 199 8.4 1 16
CD2011012783 199 8.9 2 32
CD2011012786 199 8.2 2 32
CD2011012794 199 6 2 32
CD2011012915 208 6.7 1 29
CD2011012983 208 5.9 2 32
CD2011013002 208 6.2 1 11
CD2011013003 208 5.7 1 12
CD2011013006 208 7.5 1 12
CD2011013007 208 7.8 1 14
CD2011013008 208 6.6 1 12
CD2011013009 208 5.7 1 11
CD2011013011 208 5.7 1 21
CD2011013208 208 6.8 1 11
CD2011013210 208 7.2 1 29
CD2011013211 208 8 1 19
CD2011013212 208 8.6 1 26
CD2011013213 208 6.9 1 12
CD2011013216 208 7.2 2 32
CD2011013218 208 8.3 1 15
CD2011013219 208 6.6 2 32
CD2011013430 208 7.9 2 32
CD2011013433 208 6.6 2 32
CD2011013434 208 8.4 2 32
CD2011013435 208 7.6 1 15
CD2011013436 208 8.6 1 14
CD2011013438 208 8.2 1 27
CD2011013440 208 7 1 15
CD2011013442 208 6 1 16
CD2011013443 208 5.7 1 22
CD2011013563 209 6.2 1 15
CD2011013565 209 5.6 1 15
CD2011013566 209 5.8 1 15
CD2011013647 209 7.1 2 32
CD2011013648 209 5.8 1 16
CD2011013651 209 5.8 1 11
CD2011013652 209 7.3 1 27
CD2011013657 209 7.5 1 17
CD2011013661 209 7 2 32
CD2011013862 210 5.6 1 16
CD2011013863 210 8.1 2 32
CD2011013865 210 6.8 2 32
CD2011013866 210 5.8 1 13
CD2011013868 210 7.2 2 32
CD2011013869 210 7 2 32
CD2011013871 210 6.4 1 26
CD2011014077 198 7.1 2 32
CD2011014078 198 6.2 2 32
CD2011014079 198 6.6 2 32
CD2011014080 198 7 1 14
CD2011014082 198 6.2 2 32
CD2011014086 198 6.3 1 22
CD2011014091 198 5.7 1 19
CD2011014093 198 6.6 1 12
CD2011014094 198 7.4 2 32
CD2011014291 209 7.6 1 14
CD2011014293 209 7.6 1 21
CD2011014295 209 7.4 1 13
CD2011014296 209 6.4 1 23
CD2011014302 209 6.4 1 14
CD2011014306 209 7.5 1 13
CD2011014308 209 6.1 1 16
CD2011014519 200 6.8 1 19
CD2011014520 200 6.4 2 32
CD2011014521 200 8.1 1 18
CD2011014523 200 7.1 2 32
CD2011014525 200 6.9 2 32
CD2011014528 200 6.1 2 32
CD2011014529 200 6.6 1 16
CD2011014728 200 9.3 1 13
CD2011014729 200 5.5 1 18
CD2011014731 200 6.3 1 21
CD2011014735 200 5 1 14
CD2011014737 200 6.8 2 32
CD2011014739 200 6.6 1 13
CD2011014746 200 7.8 1 15
CD2011014940 198 6.8 1 29
CD2011014941 198 5.4 2 32
CD2011014945 198 5.7 1 15
CD2011014947 198 5.3 1 15
CD2011014949 198 5.8 2 32
CD2011014953 198 6.7 1 26
CD2011014955 198 6.3 2 32
CD2011015106 200 6 1 19
CD2011015116 200 6.3 2 32
CD2011015156 200 7.6 1 14
CD2011015157 200 7.5 2 32
CD2011015158 200 4.7 1 12
CD2011015159 200 6.4 1 13
CD2011015167 200 8.1 1 20
CD2011015168 200 8.8 2 32
CD2011015377 210 7.5 1 10
CD2011015380 210 6.8 1 26
CD2011015384 210 7.1 2 32
CD2011015388 210 8 1 24
CD2011015391 210 7.8 1 17
CD2011015396 210 6.4 1 23
CD2011015397 210 6.3 1 20
CD2011015594 201 6.9 2 32
CD2011015595 201 6.9 1 23
CD2011015598 201 7.8 1 30
CD2011015599 201 7.8 1 18
CD2011015601 201 7.3 2 32
CD2011015602 201 9 1 18
CD2011015609 201 8.8 2 32
CD2011015614 201 7.6 1 18
CD2011015818 211 6 2 32
CD2011015819 211 6 2 32
CD2011015821 211 6.6 1 18
CD2011015823 211 5.5 2 32
CD2011015824 211 5 2 32
CD2011015825 211 5 1 24
CD2011015826 211 5.9 2 32
CD2011015828 211 4.5 1 26
CD2011015829 211 4.9 1 14
CD2011016030 199 7.2 1 14
CD2011016032 199 5.9 1 16
CD2011016036 199 8.3 1 24
CD2011016038 199 6.1 1 18
CD2011016039 199 6.4 1 13
CD2011016041 199 7.2 1 22
CD2011016042 199 6.7 1 15
CD2011016043 199 5.8 1 12
CD2011016157 210 6.1 1 14
CD2011016250 210 6.4 1 13
CD2011016258 210 6.4 1 14
CD2011016260 210 5 1 18
CD2011016264 210 8.1 1 11
CD2011016266 210 7.7 1 20
CD2011016384 210 6.5 1 15
CD2011016386 210 4.8 2 32
CD2011016474 210 7.4 1 23
CD2011016475 210 7.2 2 32
CD2011016477 210 6.9 1 27
CD2011016480 210 7.6 2 32
CD2011016481 210 8.9 1 19
CD2011016685 210 5.2 2 32
CD2011016688 210 9.1 2 32
CD2011016689 210 5.9 1 11
CD2011016698 210 9.5 1 11
CD2011016699 210 8.4 1 18
CD2011016903 199 6.5 1 18
CD2011016907 199 6.6 1 18
CD2011016908 199 6.1 1 19
CD2011016909 199 4.6 2 32
CD2011016910 199 7.6 1 21
CD2011016911 199 6.1 1 16
CD2011016913 199 8.4 1 11
CD2011016916 199 6.7 1 13
CD2011017072 214 6.6 1 14
CD2011017104 214 6.6 1 11
CD2011017108 214 7.3 2 32
CD2011017112 214 6.8 2 32
CD2011017339 213 6.9 1 15
CD2011017341 213 5.8 2 32
CD2011017343 213 9.1 1 20
CD2011017344 213 9.5 1 20
CD2011017345 213 7.8 1 19
CD2011017346 213 7.5 2 32
CD2011017347 213 8.2 1 30
CD2011017348 213 7.1 1 18
CD2011017349 213 6.7 1 26
CD2011017552 214 6.7 1 18
CD2011017553 214 7.4 2 32
CD2011017556 214 7.6 2 32
CD2011017557 214 6.7 2 32
CD2011017558 214 6 1 26
CD2011017560 214 7.2 2 32
CD2011017561 214 6.5 2 32
CD2011017562 214 7.5 1 27
CD2011017764 214 8.1 2 32
CD2011017765 214 6 1 12
CD2011017767 214 6.8 2 32
CD2011017768 214 7.2 1 12
CD2011017772 214 6.8 1 19
CD2011017776 214 7.6 1 22
CD2011017781 214 6.8 1 13
CD2011017782 214 6.4 1 14
CD2011017900 203 7.1 1 15
CD2011017901 203 6.7 1 17
CD2011017902 203 6.9 1 13
CD2011017903 203 6.3 2 32
CD2011017906 203 7.7 2 32
CD2011017991 203 6.9 2 32
CD2011017992 203 7 1 20
CD2011017995 203 7.1 1 19
CD2011018190 203 8.2 2 32
CD2011018191 203 6.2 2 32
CD2011018193 203 6.2 1 14
CD2011018194 203 7.5 1 27
CD2011018196 203 8 2 32
CD2011018198 203 6.1 2 32
CD2011018199 203 6.4 1 11
CD2011018201 203 6 1 11
CD2011018202 203 4.6 1 21
CD2011018420 205 7 2 32
CD2011018423 205 7.8 2 32
CD2011018424 205 7.1 2 32
CD2011018425 205 7 2 32
CD2011018427 205 7 2 32
CD2011018428 205 6.4 2 32
CD2011018432 205 7.2 2 32
CD2011018629 203 6 2 32
CD2011018630 203 7.9 2 32
CD2011018631 203 7.4 1 12
CD2011018632 203 6.1 2 32
CD2011018634 203 8.2 1 15
CD2011018635 203 6.9 2 32
CD2011018637 203 7.1 2 32
CD2011018640 203 5.2 1 13
CD2011018646 203 8.9 2 32
CD2011018859 205 5.7 2 32
CD2011018860 205 7.3 2 32
CD2011018861 205 7.9 1 15
CD2011018862 205 6.6 1 11
CD2011018863 205 6.6 2 32
CD2011018865 205 8.3 1 15
CD2011018986 203 5.8 1 20
CD2011018990 203 5.8 1 15
CD2011019049 203 7.4 2 32
CD2011019076 203 6.5 1 24
CD2011019077 203 8.5 2 32
CD2011019082 203 7.2 1 21
CD2011019083 203 7.2 2 32
CD2011019084 203 7.7 1 21
CD2011019198 214 6.5 1 16
CD2011019201 214 8.4 1 18
CD2011019202 214 6.2 1 10
CD2011019204 214 6.1 2 32
CD2011019292 214 6.8 1 9
CD2011019293 214 7.4 1 15
CD2011019295 214 6.2 1 12
CD2011019298 214 6.7 1 21
CD2011019504 206 5.8 1 26
CD2011019506 206 6.3 1 15
CD2011019507 206 4.2 2 32
CD2011019508 206 4.3 1 20
CD2011019509 206 5 1 14
CD2011019510 206 6 1 12
CD2011019511 206 5.6 1 23
CD2011019513 206 8.2 1 23
CD2011019705 204 6.5 2 32
CD2011019707 204 8.2 2 32
CD2011019708 204 8.6 1 21
CD2011019709 204 6.8 2 32
CD2011019710 204 7.7 2 32
CD2011019711 204 7.1 1 18
CD2011019713 204 5.7 2 32
CD2011019718 204 5.8 1 15
CD2011019851 206 6.1 2 32
CD2011019939 206 6.3 2 32
CD2011019945 206 8.7 2 32
CD2011019946 206 8.2 1 14
CD2011019947 206 6 2 32
CD2011019948 206 8.1 1 30
CD2011019949 206 6.9 1 15
CD2011020148 206 5.7 2 32
CD2011020150 206 8.2 1 21
CD2011020151 206 7.4 1 21
CD2011020153 206 7.2 2 32
CD2011020155 206 4.6 2 32
CD2011020157 206 6.7 1 15
CD2011020158 206 6.7 2 32
CD2011020159 206 6.5 2 32
CD2011020160 206 6.4 2 32
CD2011020367 204 5.2 1 11
CD2011020371 204 6.8 2 32
CD2011020372 204 7.8 2 32
CD2011020373 204 6.2 2 32
CD2011020375 204 6.8 2 32
CD2011020376 204 5.6 2 32
CD2011020378 204 6.4 2 32
CD2011020379 204 5.8 2 32
CD2011020380 204 5.3 2 32
CD2011020503 206 5.9 1 20
CD2011020593 206 6.4 1 15
CD2011020595 206 7.1 1 20
CD2011020598 206 5.2 1 18
CD2011020600 206 6.5 2 32
CD2011020802 206 6 2 32
CD2011020804 206 6.5 1 12
CD2011020807 206 7.2 1 18
CD2011020808 206 6.6 1 11
CD2011020811 206 6.1 1 15
CD2011020812 206 6.1 1 13
CD2011020813 206 6 1 14
CD2011020815 206 6.2 1 18
CD2011021015 205 7 1 11
CD2011021017 205 6.9 1 21
CD2011021018 205 5.5 1 12
CD2011021022 205 6.6 1 23
CD2011021023 205 6.8 1 18
CD2011021025 205 5.7 1 18
CD2011021026 205 6.1 1 26
CD2011021027 205 6.3 1 12
CD2011021030 205 7.3 1 12
CD2011021224 205 5.7 1 16
CD2011021225 205 3.7 1 15
CD2011021226 205 5.1 1 14
CD2011021229 205 4.7 2 32
CD2011021230 205 4.3 1 11
CD2011021233 205 4.4 1 12
CD2011021234 205 4.7 1 10
CD2011021236 205 4.5 1 12
CD2011021448 207 6.4 1 18
CD2011021450 207 4.9 2 32
CD2011021451 207 6.2 2 32
CD2011021452 207 6.3 2 32
CD2011021453 207 6.6 2 32
CD2011021454 207 5.6 2 32
CD2011021457 207 6 2 32
CD2011021665 207 5.2 2 32
CD2011021673 207 5.3 1 15
CD2011021674 207 5.1 2 32
CD2011021675 207 5.5 1 10
CD2011021676 207 5.9 2 32
CD2011021677 207 5.8 1 26
CD2011021679 207 7.1 2 32
CD2011021681 207 6 1 26
CD2011021888 205 4.7 1 19
CD2011021889 205 6 1 29
CD2011021890 205 5 2 32
CD2011021891 205 5.2 1 13
CD2011021892 205 7.4 2 32
CD2011021893 205 5.8 1 11
CD2011022104 207 6.3 2 32
CD2011022105 207 6.6 2 32
CD2011022109 207 4.5 1 10
CD2011022110 207 5.1 1 26
CD2011022112 207 4.6 1 10
CD2011022114 207 4.8 1 16
CD2011022116 207 6.6 1 11
CD2011022316 208 6.4 1 15
CD2011022317 208 7.8 1 12
CD2011022320 208 6.7 1 15
CD2011022321 208 5.3 1 14
CD2011022328 208 7.2 1 30
CD2011022329 208 4.8 1 13
CD2011022333 208 5.9 1 16
CD2011022533 208 6.8 1 19
CD2011022535 208 6.7 2 32
CD2011022537 208 8.6 2 32
CD2011022538 208 7.7 2 32
CD2011022544 208 5.6 2 32
CD2011022546 208 6.9 2 32
CD2011022550 208 7.5 2 32
CD2011022551 208 6.9 2 32
CD2011022753 208 7 2 32
CD2011022755 208 5.4 1 20
CD2011022756 208 5.8 1 26
CD2011022757 208 5.9 2 32
CD2011022758 208 4.9 1 18
CD2011022759 208 5.8 1 19
CD2011022762 208 5.4 1 22
CD2011022763 208 5.8 2 32
CD2011022904 208 6 1 14
CD2011022969 208 6.4 1 18
CD2011022970 208 5.6 1 14
CD2011022971 208 5 2 32
CD2011022972 208 5.9 1 14
CD2011022974 208 6.6 2 32
CD2011022975 208 5.1 1 17
CD2011022976 208 6.1 2 32
CD2011022977 208 5.8 1 14
